1.288564897959183781e+02
1.283475306122448956e+02
1.288564897959183781e+02
1.273595510204081620e+02
1.278585306122449055e+02
1.279084285714285585e+02
1.286269591836734492e+02
1.278186122448979631e+02
1.273695306122448869e+02
1.278784897959183553e+02
1.266609795918367354e+02
1.257228979591836691e+02
1.266210612244897931e+02
1.257428571428571331e+02
1.254734081632653044e+02
1.244754489795918317e+02
1.244155714285714254e+02
1.260322653061224543e+02
1.271400000000000006e+02
1.285271632653061147e+02
1.278984489795918336e+02
1.269803265306122313e+02
1.260522244897959183e+02
1.262118979591836734e+02
1.258426530612244818e+02
1.254734081632653044e+02
1.245552857142857164e+02
1.253536530612244917e+02
1.250542653061224456e+02
1.260721836734693824e+02
1.273096530612244806e+02
1.273395918367346837e+02
1.276988571428571362e+02
1.266011020408163290e+02
1.259923469387755119e+02
1.255831836734693923e+02
1.262617959183673406e+02
1.250642448979591705e+02
1.229086530612244843e+02
1.210823877551020331e+02
1.194457346938775402e+02
1.202441020408163155e+02
1.199147755102040804e+02
1.196752653061224407e+02
1.194756734693877576e+02
1.197551020408163254e+02
1.191263877551020443e+02
1.194557142857142793e+02
1.198349387755101958e+02
1.208827959183673357e+02
1.211422653061224395e+02
1.206532653061224494e+02
1.210324897959183659e+02
1.206432857142857102e+02
1.211223061224489754e+02
1.208628367346938717e+02
1.209526530612244954e+02
1.212620204081632664e+02
1.225493877551020319e+02
1.235074285714285764e+02
1.231082448979591817e+02
1.241461224489795967e+02
1.224096734693877551e+02
1.218707755102040835e+02
1.240463265306122338e+02
1.212719999999999914e+02
1.194058163265306121e+02
1.158830204081632615e+02
1.162223265306122357e+02
1.170306734693877502e+02
1.166714081632652977e+02
1.152842448979591836e+02
1.154838367346938668e+02
1.154838367346938668e+02
1.136376122448979658e+02
1.131885306122449038e+02
1.129989183673469455e+02
1.125298775510204052e+02
1.124600204081632597e+02
1.108832448979591874e+02
1.116616530612244844e+02
1.109231632653061297e+02
1.114620612244897870e+02
1.119011632653061099e+02
1.114919999999999902e+02
1.109531020408163329e+02
1.103643061224489799e+02
1.103443469387755016e+02
1.107235714285714323e+02
1.076298979591836655e+02
1.077296938775510142e+02
1.083783673469387736e+02
1.072506734693877490e+02
1.080290816326530603e+02
1.074602448979591856e+02
1.076199183673469406e+02
1.083883469387755127e+02
1.081787755102040904e+02
1.090070816326530689e+02
1.101547346938775434e+02
1.093962857142857104e+02
1.108333469387755059e+02
1.119311020408163273e+02
1.115818163265306140e+02
1.121606326530612279e+02
1.127095102040816244e+02
1.126396530612244931e+02
1.142862857142857109e+02
1.134180612244898043e+02
1.156534897959183610e+02
1.155037959183673451e+02
1.140866938775510135e+02
1.144160204081632628e+02
1.152742653061224445e+02
1.154538979591836636e+02
1.139070612244897944e+02
1.130088979591836704e+02
1.126995306122448994e+02
1.133781428571428478e+02
1.150347551020408048e+02
1.144259999999999877e+02
1.160227346938775526e+02
1.154938163265306201e+02
1.168310816326530528e+02
1.170705918367346925e+02
1.178490000000000038e+02
1.180785306122448901e+02
1.164418775510204114e+02
1.164917755102040786e+02
1.172701836734693899e+02
1.160925918367346839e+02
1.176893265306122487e+02
1.179487959183673382e+02
1.168011428571428638e+02
1.176194693877551032e+02
1.185176326530612272e+02
1.194956326530612216e+02
1.194856530612244967e+02
1.194656938775510042e+02
1.177392244897959159e+02
1.175196734693877545e+02
1.167113265306122400e+02
1.171105102040816206e+02
1.158929999999999865e+02
1.147553265306122370e+02
1.145457551020408147e+02
1.142164285714285654e+02
1.143960612244897845e+02
1.143062448979591892e+02
1.140567551020408246e+02
1.170306734693877502e+02
1.168011428571428638e+02
1.170705918367346925e+02
1.175296530612244794e+02
1.186274081632653008e+02
1.189068367346938828e+02
1.182581632653061234e+02
1.196852448979591941e+02
1.194956326530612216e+02
1.189766938775510141e+02
1.185276122448979521e+02
1.183679387755101970e+02
1.184477755102040817e+02
1.193459387755102057e+02
1.183779183673469362e+02
1.189766938775510141e+02
1.200544897959183572e+02
1.187970612244897950e+02
1.200844285714285604e+02
1.211322857142857004e+02
1.222899183673469423e+02
1.222998979591836672e+02
1.221801428571428545e+02
1.220005102040816354e+02
1.215713877551020374e+02
1.218907346938775476e+02
1.205235306122448975e+02
1.202840204081632578e+02
1.199646734693877477e+02
1.201742448979591842e+02
1.200944081632652995e+02
1.199646734693877477e+02
1.190565306122448987e+02
1.189367755102040860e+02
1.165716122448979633e+02
1.166215102040816305e+02
1.167911632653061247e+02
1.159428979591836821e+02
1.161824081632653076e+02
1.159728367346938711e+02
1.168310816326530528e+02
1.172801632653061148e+02
1.172103061224489835e+02
1.191164081632653051e+02
1.195255714285714248e+02
1.191463469387755083e+02
1.193858571428571338e+02
1.198848367346938630e+02
1.188269999999999840e+02
1.192760816326530602e+02
1.202441020408163155e+02
1.199946122448979509e+02
1.200644693877550964e+02
1.199247551020408196e+02
1.210624285714285691e+02
1.216612040816326470e+02
1.228387959183673530e+02
1.225394081632653069e+02
1.218208775510204021e+02
1.202141632653061123e+02
1.200844285714285604e+02
1.197052040816326581e+02
1.212620204081632664e+02
1.189766938775510141e+02
1.191064285714285660e+02
1.184976734693877489e+02
1.181783265306122388e+02
1.179088775510204101e+02
1.188868775510204046e+02
1.194058163265306121e+02
1.180485918367347011e+02
1.186274081632653008e+02
1.188170204081632590e+02
1.177292448979591768e+02
1.178390204081632646e+02
1.163021632653061204e+02
1.156734489795918250e+02
1.163420816326530627e+02
1.155437142857142874e+02
1.147852653061224402e+02
1.150247755102040799e+02
1.159728367346938711e+02
1.158031836734693911e+02
1.168011428571428638e+02
1.171803673469387803e+02
1.177492040816326409e+02
1.179388163265306133e+02
1.176793469387755096e+02
1.187571428571428527e+02
1.192760816326530602e+02
1.187471632653061135e+02
1.183280204081632547e+02
1.198548979591836599e+02
1.199047959183673555e+02
1.202540816326530546e+02
1.201942040816326482e+02
1.202640612244897937e+02
1.200644693877550964e+02
1.197251632653061222e+02
1.191862653061224506e+02
1.197750612244897894e+02
1.207730204081632621e+02
1.218308571428571412e+02
1.219905306122448962e+02
1.217310612244897925e+02
1.203538775510204033e+02
1.204137551020408097e+02
1.220404285714285777e+02
1.231182244897959208e+02
1.222899183673469423e+02
1.223098775510204064e+02
1.223298367346938704e+02
1.221402244897959122e+02
1.225194489795918287e+02
1.230783061224489785e+02
1.255532448979591891e+02
1.240762653061224512e+02
1.243257551020408158e+02
1.257528367346938865e+02
1.263915306122449067e+02
1.270801224489795942e+02
1.272996734693877556e+02
1.279433571428571526e+02
1.264813469387755021e+02
1.257727959183673505e+02
1.261420408163265279e+02
1.254035510204081589e+02
1.257328775510203940e+02
1.244554897959183535e+02
1.242359387755101920e+02
1.244255510204081645e+02
1.223098775510204064e+02
1.227789183673469324e+02
1.225294285714285678e+02
1.233178163265306040e+02
1.217909387755102131e+02
1.217909387755102131e+02
1.220404285714285777e+02
1.209227142857142780e+02
1.204736326530612160e+02
1.209626326530612204e+02
1.209027551020408140e+02
1.200145714285714291e+02
1.213917551020408183e+02
1.223697551020408127e+02
1.223198571428571313e+02
1.225893061224489742e+02
1.234076326530612135e+02
1.235673061224489686e+02
1.217809591836734739e+02
1.214616122448979496e+02
1.219506122448979539e+02
1.214316734693877606e+02
1.207331020408163340e+02
1.210125306122449018e+02
1.210624285714285691e+02
1.209127346938775389e+02
1.201343265306122419e+02
1.206832040816326526e+02
1.205734285714285647e+02
1.207331020408163340e+02
1.210424693877551050e+02
1.211123265306122363e+02
1.204736326530612160e+02
1.212620204081632664e+02
1.217011224489795893e+02
1.216013265306122406e+02
1.217410408163265174e+02
1.211821836734693960e+02
1.206532653061224494e+02
1.218807551020408084e+02
1.212021428571428601e+02
1.219007142857142867e+02
1.220504081632653026e+02
1.214216938775510215e+02
1.220104897959183745e+02
1.221102857142857090e+02
1.230084489795918330e+02
1.227988775510203965e+02
1.219905306122448962e+02
1.211921632653061209e+02
1.206931836734693775e+02
1.209027551020408140e+02
1.201942040816326482e+02
1.197850408163265286e+02
1.187671224489795918e+02
1.183878979591836611e+02
1.181284285714285716e+02
1.174897346938775513e+02
1.179487959183673382e+02
1.188569387755102014e+02
1.191663061224489724e+02
1.193858571428571338e+02
1.194257755102040761e+02
1.197351428571428613e+02
1.198249591836734567e+02
1.204237346938775488e+02
1.213019387755101945e+02
1.217510204081632565e+02
1.225693469387754959e+02
1.234475510204081701e+02
1.244055918367346862e+02
1.247947959183673419e+02
1.246351224489795868e+02
1.246750408163265291e+02
1.249444897959183720e+02
1.242359387755101920e+02
1.249145510204081688e+02
1.251141428571428520e+02
1.257528367346938865e+02
1.263416326530612110e+02
1.265112857142857052e+02
1.258725918367346850e+02
1.263116938775510079e+02
1.262518163265306157e+02
1.262717755102040798e+02
1.281279795918367199e+02
1.284273673469387802e+02
1.279782857142857182e+02
1.273196326530612197e+02
1.276489591836734689e+02
1.271898979591836678e+02
1.269204489795918391e+02
1.265512040816326476e+02
1.265611836734693725e+02
1.262817551020408189e+02
1.252239183673469398e+02
1.246650612244897900e+02
1.243956122448979613e+02
1.249345102040816329e+02
1.254135306122448981e+02
1.262118979591836734e+02
1.281678979591836764e+02
1.280381632653061388e+02
1.270202448979591878e+02
1.261021224489795856e+02
1.256630204081632627e+02
1.258027346938775537e+02
1.261919387755102093e+02
1.258027346938775537e+02
1.248347142857142842e+02
1.238966326530612321e+02
1.254135306122448981e+02
1.250941836734693737e+02
1.259424489795918305e+02
1.259624081632653088e+02
1.254334897959183621e+02
1.246850204081632540e+02
1.247848163265306169e+02
1.254135306122448981e+02
1.252338979591836647e+02
1.248646530612244874e+02
1.245852244897959196e+02
1.243157755102040767e+02
1.241561020408163216e+02
1.251440816326530694e+02
1.258326734693877569e+02
1.275591428571428452e+02
1.277886734693877600e+02
1.269703469387755064e+02
1.262218775510204125e+02
1.251640408163265334e+02
1.263915306122449067e+02
1.262817551020408189e+02
1.272397959183673493e+02
1.251939795918367366e+02
1.263116938775510079e+02
1.261919387755102093e+02
1.267607755102040699e+02
1.278285918367346881e+02
1.269903061224489704e+02
1.268106734693877513e+02
1.274793061224489747e+02
1.267607755102040699e+02
1.280581224489795886e+02
1.275491632653061203e+02
1.264314489795918348e+02
1.253636326530612308e+02
1.255233061224489717e+02
1.249744285714285752e+02
1.252837959183673462e+02
1.249444897959183720e+02
1.241561020408163216e+02
1.236471428571428532e+02
1.236471428571428532e+02
1.244055918367346862e+02
1.238467346938775364e+02
1.242459183673469312e+02
1.238866530612244929e+02
1.241960204081632639e+02
1.249644489795918361e+02
1.253137346938775352e+02
1.249045714285714155e+02
1.225693469387754959e+02
1.221302448979591730e+02
1.219805510204081713e+02
1.218009183673469380e+02
1.219106938775510116e+02
1.224495918367346974e+02
1.218907346938775476e+02
1.228487755102040779e+02
1.234076326530612135e+02
1.225893061224489742e+02
1.229186326530612234e+02
1.230084489795918330e+02
1.223298367346938704e+02
1.225992857142856991e+02
1.222998979591836672e+02
1.228288163265306139e+02
1.227090612244897869e+02
1.228288163265306139e+02
1.228487755102040779e+02
1.226990816326530620e+02
1.225893061224489742e+02
1.233776938775510104e+02
1.219306530612244899e+02
1.211023469387754972e+02
1.205634489795918398e+02
1.205434897959183758e+02
1.196752653061224407e+02
1.199646734693877477e+02
1.197551020408163254e+02
1.190365714285714205e+02
1.187172244897959104e+02
1.183479795918367330e+02
1.181883061224489779e+02
1.179388163265306133e+02
1.181683469387754997e+02
1.186773061224489823e+02
1.187272040816326495e+02
1.194058163265306121e+02
1.186473673469387791e+02
1.182082653061224420e+02
1.177591836734693800e+02
1.173799591836734777e+02
1.172701836734693899e+02
1.164817959183673395e+02
1.157932040816326520e+02
1.148950408163265280e+02
1.161624489795918436e+02
1.160127551020408134e+02
1.159828163265306102e+02
1.165516530612244992e+02
1.160027755102040743e+02
1.156834285714285642e+02
1.155636734693877514e+02
1.152343469387755022e+02
1.153940204081632572e+02
1.149349591836734703e+02
1.148551224489795857e+02
1.143262040816326532e+02
1.146156122448979460e+02
1.145158163265306115e+02
1.147852653061224402e+02
1.145756938775510179e+02
1.135777346938775452e+02
1.130188775510204096e+02
1.119410816326530664e+02
1.112325306122448865e+02
1.114620612244897870e+02
1.121506530612244887e+02
1.125398571428571302e+02
1.131585918367346864e+02
1.124500408163265348e+02
1.130188775510204096e+02
1.138871020408163304e+02
1.145257959183673506e+02
1.139270204081632585e+02
1.136875102040816330e+02
1.134879183673469356e+02
1.125198979591836661e+02
1.131286530612244832e+02
1.136575714285714298e+02
1.130288571428571487e+02
1.130288571428571487e+02
1.124201020408163316e+02
1.128891428571428577e+02
1.144858775510204083e+02
1.135577755102040811e+02
1.133681632653061087e+02
1.135577755102040811e+02
1.137074693877550970e+02
1.139769183673469257e+02
1.126397528571428523e+02
1.134480000000000075e+02
1.135178571428571388e+02
1.128791632653061185e+02
1.118712244897959067e+02
1.119311020408163273e+02
1.121706122448979670e+02
1.134679591836734716e+02
1.136376122448979658e+02
1.135976938775510092e+02
1.135777346938775452e+02
1.120209183673469369e+02
1.121406734693877638e+02
1.122404693877550983e+02
1.139669387755102008e+02
1.153441224489795900e+02
1.158830204081632615e+02
1.162522653061224389e+02
1.156534897959183610e+02
1.155936122448979546e+02
1.159927959183673494e+02
1.153341428571428509e+02
1.169208979591836624e+02
1.161424897959183653e+02
1.163420816326530627e+02
1.165915714285714273e+02
1.161724285714285685e+02
1.156135714285714187e+02
1.146555306122449025e+02
1.160925918367346839e+02
1.163720204081632659e+02
1.160426938775510166e+02
1.162023673469387717e+02
1.160227346938775526e+02
1.155337346938775482e+02
1.143661224489795813e+02
1.137773265306122425e+02
1.134879183673469356e+02
1.132983061224489774e+02
1.145956530612244819e+02
1.155936122448979546e+02
1.152143877551020381e+02
1.157033877551020424e+02
1.157033877551020424e+02
1.155237551020408233e+02
1.156035918367346937e+02
1.153141836734693868e+02
1.145257959183673506e+02
1.157333265306122456e+02
1.151844489795918349e+02
1.163620408163265267e+02
1.171304693877550989e+02
1.171404489795918238e+02
1.173799591836734777e+02
1.174597959183673481e+02
1.174298571428571449e+02
1.174597959183673481e+02
1.173001224489795931e+02
1.163919795918367299e+02
1.171304693877550989e+02
1.176094897959183641e+02
1.179986938775510055e+02
1.188669183673469405e+02
1.189467551020408109e+02
1.193259795918367274e+02
1.203738367346938816e+02
1.203239387755102001e+02
1.205534693877551007e+02
1.207331020408163340e+02
1.211023469387754972e+02
1.215314693877550951e+02
1.210724081632652940e+02
1.219106938775510116e+02
1.209027551020408140e+02
1.212021428571428601e+02
1.217310612244897925e+02
1.214915510204081528e+02
1.219007142857142867e+02
1.220304489795918386e+02
1.217909387755102131e+02
1.217809591836734739e+02
1.209825918367346986e+02
1.209326938775510172e+02
1.207131428571428415e+02
1.209127346938775389e+02
1.217709795918367348e+02
1.224994897959183646e+02
1.234575306122448950e+02
1.236571224489795924e+02
1.249245306122449080e+02
1.246351224489795868e+02
1.237369591836734628e+02
1.240363469387755089e+02
1.239066122448979570e+02
1.235473469387755046e+02
1.237968367346938692e+02
1.229385918367346875e+02
1.237070204081632596e+02
1.235872653061224469e+02
1.235872653061224469e+02
1.243357346938775549e+02
1.257228979591836691e+02
1.267408163265306058e+02
1.258925510204081633e+02
1.252738163265306071e+02
1.255233061224489717e+02
1.250742244897959097e+02
1.249145510204081688e+02
1.244554897959183535e+02
1.232279999999999944e+02
1.213119183673469337e+02
1.211322857142857004e+02
1.211821836734693960e+02
1.210225102040816267e+02
1.224495918367346974e+02
1.222699591836734641e+02
1.222899183673469423e+02
1.233078367346938791e+02
1.220803469387755058e+02
1.228088571428571356e+02
1.230483673469387753e+02
1.234675102040816341e+02
1.234076326530612135e+02
1.241062040816326544e+02
1.236770816326530706e+02
1.243057959183673518e+02
1.242259591836734671e+02
1.240962244897959152e+02
1.220304489795918386e+02
1.223897142857142768e+02
1.221502040816326513e+02
1.214715918367346887e+02
1.214815714285714279e+02
1.208528571428571325e+02
1.216312653061224438e+02
1.227190408163265261e+02
1.230084489795918330e+02
1.229685306122448907e+02
1.222899183673469423e+02
1.217111020408163142e+02
1.209526530612244954e+02
1.201343265306122419e+02
1.202141632653061123e+02
1.199946122448979509e+02
1.202141632653061123e+02
1.194257755102040761e+02
1.198149795918367317e+02
1.204736326530612160e+02
1.210125306122449018e+02
1.206333061224489711e+02
1.206432857142857102e+02
1.207830000000000013e+02
1.194457346938775402e+02
1.203139591836734752e+02
1.203638571428571424e+02
1.207730204081632621e+02
1.212919591836734696e+02
1.207131428571428415e+02
1.211622244897959177e+02
1.223797346938775377e+02
1.223497959183673345e+02
1.224595714285714223e+02
1.217809591836734739e+02
1.207830000000000013e+02
1.202640612244897937e+02
1.198349387755101958e+02
1.201043877551020387e+02
1.205734285714285647e+02
1.208827959183673357e+02
1.205534693877551007e+02
1.208628367346938717e+02
1.207131428571428415e+02
1.222998979591836672e+02
1.238367551020408115e+02
1.246251428571428477e+02
1.259224897959183664e+02
1.256730000000000018e+02
1.265312448979591835e+02
1.252039591836734616e+02
1.246850204081632540e+02
1.253436734693877526e+02
1.257727959183673505e+02
1.269503877551020281e+02
1.264414285714285739e+02
1.273196326530612197e+02
1.265112857142857052e+02
1.301438571428571436e+02
1.315010816326530687e+02
1.324990408163265272e+02
1.346246938775510102e+02
1.327185918367347028e+02
1.321098367346938574e+02
1.327784693877551092e+02
1.312915102040816180e+02
1.310021020408163395e+02
1.333373265306122448e+02
1.311917142857142835e+02
1.319102448979591884e+02
1.311617755102040803e+02
1.326686938775510214e+02
1.333073877551020416e+02
1.326187959183673399e+02
1.329082040816326469e+02
1.329082040816326469e+02
1.327285714285714278e+02
1.335568775510204205e+02
1.351735714285714209e+02
1.342853877551020503e+02
1.341556530612244842e+02
1.343153265306122535e+02
1.339660408163265402e+02
1.339660408163265402e+02
1.337864081632652926e+02
1.344849795918367192e+02
1.347544285714285763e+02
1.321497551020408139e+02
1.351136938775510146e+02
1.376485102040816457e+02
1.380476938775510405e+02
1.409916734693877629e+02
1.406124489795918464e+02
1.409916734693877629e+02
1.413808775510204043e+02
1.428778163265305921e+02
1.426083673469387918e+02
1.426682448979591982e+02
1.424586734693877474e+02
1.410415714285714444e+02
1.414806734693877672e+02
1.413309795918367229e+02
1.411014489795918223e+02
1.415505306122448985e+02
1.440554081632652981e+02
1.440055102040816450e+02
1.450932857142856847e+02
1.451032653061224380e+02
1.435464489795918439e+02
1.446641632653061151e+02
1.452429795918367290e+02
1.446841224489795650e+02
1.433468571428571181e+02
1.420794489795918309e+02
1.409417755102040815e+02
1.400535918367346824e+02
1.423888163265306162e+02
1.414407551020408107e+02
1.413110204081632446e+02
1.415305714285714203e+02
1.416403469387755081e+02
1.412810816326530414e+02
1.413209999999999980e+02
1.429277142857142735e+02
1.429177346938775486e+02
1.437859591836734694e+02
1.418998163265306118e+02
1.400635714285714073e+02
1.394847551020408218e+02
1.377882244897959083e+02
1.405026734693877302e+02
1.410715102040816475e+02
1.411912653061224319e+02
1.408719183673469217e+02
1.417401428571428426e+02
1.418698775510204086e+02
1.413010408163265197e+02
1.396843469387755192e+02
1.401633673469387702e+02
1.399837346938775511e+02
1.398539999999999850e+02
1.402132653061224516e+02
1.402132653061224516e+02
1.404328163265305989e+02
1.398440204081632601e+02
1.403030816326530612e+02
1.407322040816326592e+02
1.424985918367346756e+02
1.409617346938775597e+02
1.397142857142857224e+02
1.402531836734693798e+02
1.416902448979591611e+02
1.419197755102040901e+02
1.419696734693877431e+02
1.403629591836734676e+02
1.398340408163265352e+02
1.398240612244898102e+02
1.374489183673469199e+02
1.373291632653061356e+02
1.367503469387755217e+02
1.375187755102040796e+02
1.381075714285714184e+02
1.377483061224489802e+02
1.381574693877550999e+02
1.378481020408163147e+02
1.382472857142857094e+02
1.381075714285714184e+02
1.380876122448979686e+02
1.370397551020408002e+02
1.367004489795918118e+02
1.367503469387755217e+02
1.368202040816326530e+02
1.370397551020408002e+02
1.387562448979591636e+02
1.388760000000000048e+02
1.385167346938775665e+02
1.374788571428571231e+02
1.375187755102040796e+02
1.379678571428571274e+02
1.379179591836734460e+02
1.394947346938775468e+02
1.382373061224489845e+02
1.389159183673469329e+02
1.387362857142857138e+02
1.385766122448979729e+02
1.387562448979591636e+02
1.390855714285714271e+02
1.392452448979591679e+02
1.401533877551020453e+02
1.417700816326530742e+02
1.419696734693877431e+02
1.422690612244898034e+02
1.430175306122448831e+02
1.435664081632653222e+02
1.454525510204081513e+02
1.481370612244897984e+02
1.472688367346938776e+02
1.481869591836734799e+02
1.457718979591836614e+02
1.459215918367346774e+02
1.460513265306122435e+02
1.451232244897959163e+02
1.459116122448979525e+02
1.459714897959183872e+02
1.462109999999999843e+02
1.454725102040816296e+02
1.463806530612245069e+02
1.466999999999999886e+02
1.466002040816326542e+02
1.489354285714285879e+02
1.480572244897959422e+02
1.473985714285714153e+02
1.483865510204081488e+02
1.485761632653061213e+02
1.483566122448979456e+02
1.466700612244897854e+02
1.460812653061224466e+02
1.469794285714285706e+02
1.475283061224489813e+02
1.479075306122448978e+02
1.477278979591836787e+02
1.471191428571428332e+02
1.479374693877551010e+02
1.484364489795918303e+02
1.495741224489795798e+02
1.506918367346938794e+02
1.516897959183673379e+02
1.541148367346938812e+02
1.581765306122449033e+02
1.548034285714285829e+02
1.535060816326530642e+02
1.552624897959183841e+02
1.523983469387755179e+02
1.496938775510203925e+02
1.505321632653061101e+02
1.540848979591836780e+02
1.557415102040816350e+02
1.580068775510204091e+02
1.582763265306122378e+02
1.558612653061224478e+02
1.559311224489795791e+02
1.512207551020408118e+02
1.491150612244897786e+02
1.372792653061224541e+02
1.398939183673469415e+02
1.414607142857142890e+02
1.387961632653061201e+02
1.404228367346938740e+02
1.423838265306122537e+02
1.531867346938775540e+02
1.522686122448979802e+02
1.529978210204081677e+02
1.526877551020408248e+02
1.520989591836734576e+02
1.510511020408163461e+02
1.478975510204081445e+02
1.508914285714285484e+02
1.519193265306122385e+02
1.538453877551020241e+02
1.550130000000000052e+02
1.555918163265306191e+02
1.577573877551020587e+02
1.588451632653060983e+02
1.623978979591836662e+02
1.614697959183673674e+02
1.615496326530612237e+02
1.593940408163265374e+02
1.582962857142857160e+02
1.572783673469387793e+02
1.601724489795918203e+02
1.620585918367346778e+02
1.627970816326530610e+02
1.615496326530612237e+02
1.605616530612244617e+02
1.597732653061224255e+02
1.598930204081632667e+02
1.576775510204081456e+02
1.600027959183673545e+02
1.598331428571428603e+02
1.586655306122449076e+02
1.591744897959183618e+02
1.607512653061224626e+02
1.600127755102040794e+02
1.599728571428571513e+02
1.606115510204081431e+02
1.612003469387755104e+02
1.636852653061224601e+02
1.639946326530612453e+02
1.632661224489795870e+02
1.642042040816326391e+02
1.631264081632652960e+02
1.625475918367346821e+02
1.622482040816326503e+02
1.590946530612244771e+02
1.617891428571428492e+02
1.622482040816326503e+02
1.625910030612244839e+02
1.635555306122448940e+02
1.600127755102040794e+02
1.608111428571428405e+02
1.583960816326530505e+02
1.585757142857142981e+02
1.607712244897959124e+02
1.617691836734693709e+02
1.630166326530612082e+02
1.630765102040816146e+02
1.601924081632652985e+02
1.615196938775510205e+02
1.616693877551020364e+02
1.618654867346938602e+02
1.625376122448979572e+02
1.647231428571428467e+02
1.652919795918367356e+02
1.656712040816326521e+02
1.655514489795918109e+02
1.645335306122449026e+02
1.662200816326530628e+02
1.659705918367346840e+02
1.667090816326530671e+02
1.658608163265305961e+02
1.674076530612244937e+02
1.670683469387755054e+02
1.699724081632652997e+02
