1.233477551020408072e+02
1.234475510204081701e+02
1.235074285714285764e+02
1.233677142857142854e+02
1.232679183673469367e+02
1.229984693877550939e+02
1.234874693877550982e+02
1.232878775510204150e+02
1.235872653061224469e+02
1.237968367346938692e+02
1.239165918367346961e+02
1.236671020408163315e+02
1.237968367346938692e+02
1.235473469387755046e+02
1.238267755102040724e+02
1.237569183673469411e+02
1.229485714285714266e+02
1.233277959183673431e+02
1.232180204081632553e+02
1.236970408163265347e+02
1.229984693877550939e+02
1.218607959183673444e+02
1.214715918367346887e+02
1.217410408163265174e+02
1.212420612244897882e+02
1.212420612244897882e+02
1.215015306122448919e+02
1.215614081632653125e+02
1.217310612244897925e+02
1.216312653061224438e+02
1.224695510204081614e+02
1.227090612244897869e+02
1.226990816326530620e+02
1.230882857142857176e+02
1.232379795918367336e+02
1.229385918367346875e+02
1.231980612244897912e+02
1.226691428571428588e+02
1.221801428571428545e+02
1.217909387755102131e+02
1.215614081632653125e+02
1.217410408163265174e+02
1.215214897959183560e+02
1.215015306122448919e+02
1.215514285714285592e+02
1.218508163265306052e+02
1.216113061224489797e+02
1.215514285714285592e+02
1.216711836734693861e+02
1.219905306122448962e+02
1.225194489795918287e+02
1.222699591836734641e+02
1.222998979591836672e+02
1.218408367346938803e+02
1.216312653061224438e+02
1.210724081632652940e+02
1.207031632653061166e+02
1.209127346938775389e+02
1.201842244897959233e+02
1.203538775510204033e+02
1.202640612244897937e+02
1.203838163265306065e+02
1.204337142857142879e+02
1.204436938775510129e+02
1.192261836734693787e+02
1.182681428571428626e+02
1.182980816326530658e+02
1.170805714285714174e+02
1.174198775510204058e+02
1.174498163265306090e+02
1.174697755102040730e+02
1.171703877551020412e+02
1.165516530612244992e+02
1.168610204081632560e+02
1.160626530612244807e+02
1.166314897959183696e+02
1.167312857142857041e+02
1.168011428571428638e+02
1.163221224489795844e+02
1.157433061224489848e+02
1.159229387755102039e+02
1.160426938775510166e+02
1.164618367346938754e+02
1.166714081632652977e+02
1.165815918367346882e+02
1.163021632653061204e+02
1.158231428571428552e+02
1.163321020408163236e+02
1.166314897959183696e+02
1.156035918367346937e+02
1.156335306122448969e+02
1.159628571428571462e+02
1.156934081632653033e+02
1.158830204081632615e+02
1.157532857142857097e+02
1.160027755102040743e+02
1.158630612244897833e+02
1.160925918367346839e+02
1.165516530612244992e+02
1.167612244897959215e+02
1.167113265306122400e+02
1.172901428571428539e+02
1.175595918367346826e+02
1.176294489795918423e+02
1.177691632653061191e+02
1.176793469387755096e+02
1.176593877551020455e+02
1.181783265306122388e+02
1.175795510204081467e+02
1.181883061224489779e+02
1.177092857142857127e+02
1.170606122448979534e+02
1.168909591836734592e+02
1.173001224489795931e+02
1.174298571428571449e+02
1.169308775510204015e+02
1.168211020408163279e+02
1.171105102040816206e+02
1.170506326530612284e+02
1.169408571428571406e+02
1.165416734693877601e+02
1.169009387755101983e+02
1.170206938775510253e+02
1.171903469387755194e+02
1.171803673469387803e+02
1.177691632653061191e+02
1.176693673469387704e+02
1.171105102040816206e+02
1.171703877551020412e+02
1.172801632653061148e+02
1.167113265306122400e+02
1.170805714285714174e+02
1.176194693877551032e+02
1.173300612244897820e+02
1.178090816326530614e+02
1.179188571428571350e+02
1.183779183673469362e+02
1.185176326530612272e+02
1.183779183673469362e+02
1.173699795918367244e+02
1.172103061224489835e+02
1.172801632653061148e+02
1.172402448979591867e+02
1.167712040816326606e+02
1.162422857142857140e+02
1.157532857142857097e+02
1.158331224489795801e+02
1.156634693877551001e+02
1.154738571428571277e+02
1.158031836734693911e+02
1.164917755102040786e+02
1.165117346938775427e+02
1.166215102040816305e+02
1.168610204081632560e+02
1.174697755102040730e+02
1.175196734693877545e+02
1.172801632653061148e+02
1.178490000000000038e+02
1.176893265306122487e+02
1.176793469387755096e+02
1.176893265306122487e+02
1.176294489795918423e+02
1.173999183673469417e+02
1.177492040816326409e+02
1.176394285714285672e+02
1.178390204081632646e+02
1.180984897959183684e+02
1.177492040816326409e+02
1.180186530612244979e+02
1.185675306122448944e+02
1.188170204081632590e+02
1.189467551020408109e+02
1.190365714285714205e+02
1.191263877551020443e+02
1.188569387755102014e+02
1.190365714285714205e+02
1.186872857142857214e+02
1.185076530612244881e+02
1.182282244897959202e+02
1.184976734693877489e+02
1.184677346938775457e+02
1.183280204081632547e+02
1.181184489795918324e+02
1.186274081632653008e+02
1.180086734693877588e+02
1.181384081632652965e+02
1.181284285714285716e+02
1.178789387755102069e+02
1.182881020408163266e+02
1.179587755102040774e+02
1.185575510204081553e+02
1.187172244897959104e+02
1.188469591836734764e+02
1.193459387755102057e+02
1.196652857142857016e+02
1.195854489795918312e+02
1.196353469387754984e+02
1.197650816326530645e+02
1.193259795918367274e+02
1.195255714285714248e+02
1.195754693877550920e+02
1.197551020408163254e+02
1.198648775510203990e+02
1.194457346938775402e+02
1.202141632653061123e+02
1.200145714285714291e+02
1.204137551020408097e+02
1.202241428571428514e+02
1.201443061224489810e+02
1.197052040816326581e+02
1.197151836734693831e+02
1.197151836734693831e+02
1.207430816326530589e+02
1.206233265306122462e+02
1.205933877551020430e+02
1.206033673469387679e+02
1.206133469387755071e+02
1.207031632653061166e+02
1.209426734693877563e+02
1.208628367346938717e+02
1.212021428571428601e+02
1.208827959183673357e+02
1.206632448979591743e+02
1.201243469387755169e+02
1.204137551020408097e+02
1.200944081632652995e+02
1.197850408163265286e+02
1.195355510204081639e+02
1.194557142857142793e+02
1.196453265306122375e+02
1.196553061224489767e+02
1.202540816326530546e+02
1.201343265306122419e+02
1.204736326530612160e+02
1.203239387755102001e+02
1.208029591836734653e+02
1.209426734693877563e+02
1.211722040816326569e+02
1.211921632653061209e+02
1.212221020408163241e+02
1.206931836734693775e+02
1.204337142857142879e+02
1.205933877551020430e+02
1.205933877551020430e+02
1.206632448979591743e+02
1.203838163265306065e+02
1.209227142857142780e+02
1.208628367346938717e+02
1.206532653061224494e+02
1.205035714285714192e+02
1.204037755102040848e+02
1.203239387755102001e+02
1.200944081632652995e+02
1.200544897959183572e+02
1.201742448979591842e+02
1.199247551020408196e+02
1.200544897959183572e+02
1.203538775510204033e+02
1.207830000000000013e+02
1.205933877551020430e+02
1.205335102040816366e+02
1.207031632653061166e+02
1.207530612244897981e+02
1.207630408163265372e+02
1.209326938775510172e+02
1.214017346938775574e+02
1.210424693877551050e+02
1.212121224489795850e+02
1.209426734693877563e+02
1.209726122448979595e+02
1.212919591836734696e+02
1.211223061224489754e+02
1.212719999999999914e+02
1.207430816326530589e+02
1.205734285714285647e+02
1.205734285714285647e+02
1.203139591836734752e+02
1.207430816326530589e+02
1.207131428571428415e+02
1.207031632653061166e+02
1.208229183673469294e+02
1.206033673469387679e+02
1.208129387755102044e+02
1.208728163265306108e+02
1.210524489795918299e+02
1.206033673469387679e+02
1.205434897959183758e+02
1.209526530612244954e+02
1.207131428571428415e+02
1.207331020408163340e+02
1.210524489795918299e+02
1.209027551020408140e+02
1.204337142857142879e+02
1.207730204081632621e+02
1.208428775510204076e+02
1.210624285714285691e+02
1.208628367346938717e+02
1.213218979591836586e+02
1.212919591836734696e+02
1.210225102040816267e+02
1.208528571428571325e+02
1.213019387755101945e+02
1.207331020408163340e+02
1.209925714285714236e+02
1.206333061224489711e+02
1.203339183673469392e+02
1.205534693877551007e+02
1.204636530612244769e+02
1.209127346938775389e+02
1.211123265306122363e+02
1.208029591836734653e+02
1.209027551020408140e+02
1.208528571428571325e+02
1.209426734693877563e+02
1.207730204081632621e+02
1.208328979591836685e+02
1.203638571428571424e+02
1.198449183673469349e+02
1.198548979591836599e+02
1.197351428571428613e+02
1.198199693877550942e+02
1.201143673469387778e+02
1.202640612244897937e+02
1.201742448979591842e+02
1.206532653061224494e+02
1.208029591836734653e+02
1.210025510204081627e+02
1.209127346938775389e+02
1.209925714285714236e+02
1.205634489795918398e+02
1.206832040816326526e+02
1.205634489795918398e+02
1.205335102040816366e+02
1.206832040816326526e+02
1.212320816326530633e+02
1.212420612244897882e+02
1.207730204081632621e+02
1.208728163265306108e+02
1.207031632653061166e+02
1.209326938775510172e+02
1.210424693877551050e+02
1.214516326530612247e+02
1.214715918367346887e+02
1.209227142857142780e+02
1.203039795918367219e+02
1.200445102040816323e+02
1.203239387755102001e+02
1.204337142857142879e+02
1.208328979591836685e+02
1.212221020408163241e+02
1.210125306122449018e+02
1.210724081632652940e+02
1.206931836734693775e+02
1.205335102040816366e+02
1.208428775510204076e+02
1.207730204081632621e+02
1.204836122448979552e+02
1.198049999999999926e+02
1.202441020408163155e+02
1.203538775510204033e+02
1.209326938775510172e+02
1.207131428571428415e+02
1.199247551020408196e+02
1.197451224489795862e+02
1.195255714285714248e+02
1.197251632653061222e+02
1.196952244897959190e+02
1.197750612244897894e+02
1.203738367346938816e+02
1.199546938775510228e+02
1.197551020408163254e+02
1.199247551020408196e+02
1.196652857142857016e+02
1.187571428571428527e+02
1.179986938775510055e+02
1.183479795918367330e+02
1.185575510204081553e+02
1.176993061224489736e+02
1.172103061224489835e+02
1.170506326530612284e+02
1.168510408163265311e+02
1.165716122448979633e+02
1.169408571428571406e+02
1.173400408163265212e+02
1.171105102040816206e+02
1.169608163265306189e+02
1.166015510204081664e+02
1.168111224489795887e+02
1.173500204081632603e+02
1.172701836734693899e+02
1.167712040816326606e+02
1.163221224489795844e+02
1.161225306122449012e+02
1.162722244897959172e+02
1.164019591836734691e+02
1.162622448979591780e+02
1.162522653061224389e+02
1.160826122448979447e+02
1.159528775510204071e+02
1.161125510204081479e+02
1.160327142857142775e+02
1.162422857142857140e+02
1.161724285714285685e+02
1.162622448979591780e+02
1.157932040816326520e+02
1.155237551020408233e+02
1.159528775510204071e+02
1.157333265306122456e+02
1.158231428571428552e+02
1.158231428571428552e+02
1.165416734693877601e+02
1.168709999999999951e+02
1.166614285714285728e+02
1.167013469387755009e+02
1.164917755102040786e+02
1.163720204081632659e+02
1.166913673469387760e+02
1.166115306122448914e+02
1.169707959183673438e+02
1.171204897959183597e+02
1.168809795918367342e+02
1.166015510204081664e+02
1.165117346938775427e+02
1.167412653061224432e+02
1.167013469387755009e+02
1.158031836734693911e+02
1.155536938775510265e+02
1.152044081632652990e+02
1.150746734693877613e+02
1.145856734693877428e+02
1.147852653061224402e+02
1.150147959183673407e+02
1.151345510204081677e+02
1.145956530612244819e+02
1.144958571428571474e+02
1.145357755102040755e+02
1.146255918367346851e+02
1.144758979591836692e+02
1.141964693877551014e+02
1.140866938775510135e+02
1.146056326530612210e+02
1.149948367346938767e+02
1.148950408163265280e+02
1.142763061224489860e+02
1.140068571428571289e+02
1.137673469387755034e+02
1.137573673469387643e+02
1.139170408163265336e+02
1.140268163265306214e+02
1.141765102040816231e+02
1.147453469387755121e+02
1.151445306122448926e+02
1.151944285714285741e+02
1.153740612244897932e+02
1.154239591836734604e+02
1.146355714285714242e+02
1.146655102040816416e+02
1.146954489795918448e+02
1.141765102040816231e+02
1.140168367346938680e+02
1.143661224489795813e+02
1.140667346938775495e+02
1.140168367346938680e+02
1.142064489795918263e+02
1.144459591836734802e+02
1.147453469387755121e+02
1.144060408163265237e+02
1.143262040816326532e+02
1.143761020408163205e+02
1.136675510204081689e+02
1.135677551020408060e+02
1.138072653061224457e+02
1.137473877551020394e+02
1.143561428571428564e+02
1.143361836734693782e+02
1.144060408163265237e+02
1.141765102040816231e+02
1.140767142857142886e+02
1.145357755102040755e+02
1.150048163265306016e+02
1.148551224489795857e+02
1.150048163265306016e+02
1.150347551020408048e+02
1.151644897959183709e+02
1.154738571428571277e+02
1.152642857142857054e+02
1.152842448979591836e+02
1.153042040816326619e+02
1.151644897959183709e+02
1.151046122448979645e+02
1.148152040816326434e+02
1.145756938775510179e+02
1.151644897959183709e+02
1.151844489795918349e+02
1.155137755102040842e+02
1.150846530612244862e+02
1.154738571428571277e+02
1.146655102040816416e+02
1.148152040816326434e+02
1.150547142857142831e+02
1.153541020408163291e+02
1.153541020408163291e+02
1.149349591836734703e+02
1.150147959183673407e+02
1.148651020408163248e+02
1.150247755102040799e+02
1.152543061224489662e+02
1.154139795918367355e+02
1.155836326530612155e+02
1.157233469387755065e+02
1.160127551020408134e+02
1.159828163265306102e+02
1.159828163265306102e+02
1.159029795918367256e+02
1.156534897959183610e+02
1.157832244897959129e+02
1.156335306122448969e+02
1.154938163265306201e+02
1.155037959183673451e+02
1.155736530612244906e+02
1.146255918367346851e+02
1.146056326530612210e+02
1.147553265306122370e+02
1.145257959183673506e+02
1.145058367346938724e+02
1.145657142857142787e+02
1.147353673469387729e+02
1.150147959183673407e+02
1.147752857142857152e+02
1.146754897959183666e+02
1.145756938775510179e+02
1.142962653061224501e+02
1.141765102040816231e+02
1.143661224489795813e+02
1.142463673469387828e+02
1.140966734693877527e+02
1.144160204081632628e+02
1.146156122448979460e+02
1.149050204081632671e+02
1.142663265306122469e+02
1.143262040816326532e+02
1.141765102040816231e+02
1.133282448979591805e+02
1.129190816326530609e+02
1.127693877551020449e+02
1.127693877551020449e+02
1.126296734693877539e+02
1.128492244897959154e+02
1.131086938775510191e+02
1.130288571428571487e+02
1.129290612244897858e+02
1.130787551020408159e+02
1.124999387755102020e+02
1.125198979591836661e+02
1.125997346938775507e+02
1.125797755102040867e+02
1.127194897959183635e+02
1.124999387755102020e+02
1.127394489795918275e+02
1.126296734693877539e+02
1.123602244897959253e+02
1.121606326530612279e+02
1.114820204081632511e+02
1.118412857142857035e+02
1.116217346938775421e+02
1.118013673469387754e+02
1.124001428571428534e+02
1.121805918367346919e+02
1.119510612244898056e+02
1.121805918367346919e+02
1.118313061224489786e+02
1.115019795918367294e+02
1.113622653061224526e+02
1.112425102040816256e+02
1.112425102040816256e+02
1.111526938775510160e+02
1.113922040816326557e+02
1.117115510204081517e+02
1.115418979591836717e+02
1.113822244897959166e+02
1.112824285714285679e+02
1.115219387755102076e+02
1.113223469387755102e+02
1.110828367346938705e+02
1.114919999999999902e+02
1.113822244897959166e+02
1.117714285714285722e+02
1.119710204081632696e+02
1.121506530612244887e+02
1.122205102040816342e+02
1.125099183673469270e+02
1.126795714285714212e+02
1.125398571428571302e+02
1.124699999999999989e+02
1.128192857142857122e+02
1.128492244897959154e+02
1.123502448979591861e+02
1.120907755102040682e+02
1.118512653061224427e+02
1.119311020408163273e+02
1.118712244897959067e+02
1.122903673469387655e+02
1.125897551020408116e+02
1.127693877551020449e+02
1.126496326530612180e+02
1.131585918367346864e+02
1.129789591836734672e+02
1.132683673469387742e+02
1.134978979591836747e+02
1.135577755102040811e+02
1.133881224489795869e+02
1.133082857142857165e+02
1.132883265306122382e+02
1.134280408163265292e+02
1.137274285714285611e+02
1.140866938775510135e+02
1.142264081632652903e+02
1.148152040816326434e+02
1.146655102040816416e+02
1.147154081632653089e+02
1.149349591836734703e+02
1.150846530612244862e+02
1.159728367346938711e+02
1.158830204081632615e+02
1.156335306122448969e+02
1.158630612244897833e+02
1.161424897959183653e+02
1.157632653061224488e+02
1.159129591836734789e+02
1.160426938775510166e+02
1.158431020408163192e+02
1.157732448979591879e+02
1.160027755102040743e+02
1.157932040816326520e+02
1.162023673469387717e+02
1.159528775510204071e+02
1.155237551020408233e+02
1.157333265306122456e+02
1.160227346938775526e+02
1.162722244897959172e+02
1.161325102040816404e+02
1.160127551020408134e+02
1.155037959183673451e+02
1.155736530612244906e+02
1.154538979591836636e+02
1.155736530612244906e+02
1.158630612244897833e+02
1.158730408163265224e+02
1.161524693877551044e+02
1.163321020408163236e+02
1.163021632653061204e+02
1.163919795918367299e+02
1.165217142857142818e+02
1.165416734693877601e+02
1.163919795918367299e+02
1.166514489795918337e+02
1.172801632653061148e+02
1.179687551020408023e+02
1.183280204081632547e+02
1.184976734693877489e+02
1.187571428571428527e+02
1.187870816326530559e+02
1.185874897959183585e+02
1.182082653061224420e+02
1.180386122448979620e+02
1.179088775510204101e+02
1.179587755102040774e+02
1.180984897959183684e+02
1.182781224489795875e+02
1.184477755102040817e+02
1.186274081632653008e+02
1.188170204081632590e+02
1.187471632653061135e+02
1.187671224489795918e+02
1.185475714285714304e+02
1.183779183673469362e+02
1.185076530612244881e+02
1.182182448979591811e+02
1.183180408163265298e+02
1.189168163265306077e+02
1.189267959183673469e+02
1.193758775510204089e+02
1.191363673469387692e+02
1.189068367346938828e+02
1.187571428571428527e+02
1.184577551020408208e+02
1.184078571428571394e+02
1.187870816326530559e+02
1.190365714285714205e+02
1.189068367346938828e+02
1.186872857142857214e+02
1.185076530612244881e+02
1.186174285714285617e+02
1.187571428571428527e+02
1.191663061224489724e+02
1.190964489795918411e+02
1.191363673469387692e+02
1.189766938775510141e+02
1.188469591836734764e+02
1.188968571428571437e+02
1.190265918367346814e+02
1.193958367346938729e+02
1.196852448979591941e+02
1.196353469387754984e+02
1.198548979591836599e+02
1.203738367346938816e+02
1.205035714285714192e+02
1.202840204081632578e+02
1.207231224489795807e+02
1.207131428571428415e+02
1.212520408163265273e+02
1.210923673469387722e+02
1.209526530612244954e+02
1.209925714285714236e+02
1.212021428571428601e+02
1.213019387755101945e+02
1.214416530612244856e+02
1.222100816326530577e+02
1.221003061224489699e+02
1.236471428571428532e+02
1.234275918367346918e+02
1.236970408163265347e+02
1.236970408163265347e+02
1.235872653061224469e+02
1.233876734693877495e+02
1.238567142857142755e+02
1.239565102040816242e+02
1.240662857142856978e+02
1.243956122448979613e+02
1.237868571428571443e+02
1.237469387755102019e+02
1.233377755102040823e+02
1.232978571428571399e+02
1.231980612244897912e+02
1.226491836734693948e+02
1.229485714285714266e+02
1.225992857142856991e+02
1.228986734693877594e+02
1.233577346938775463e+02
1.235772857142857077e+02
1.239964285714285666e+02
1.239864489795918274e+02
1.241361428571428576e+02
1.241561020408163216e+02
1.241760612244897999e+02
1.242359387755101920e+02
1.239664897959183634e+02
1.240962244897959152e+02
1.240563061224489729e+02
1.246949999999999932e+02
1.252538571428571430e+02
1.253237142857142743e+02
1.262118979591836734e+02
1.255233061224489717e+02
1.260522244897959183e+02
1.260422448979591792e+02
1.265611836734693725e+02
1.268406122448979545e+02
1.268905102040816359e+02
1.270601632653061159e+02
1.269104693877551000e+02
1.275890816326530484e+02
1.276090408163265266e+02
1.279882653061224431e+02
1.275292040816326562e+02
1.282177959183673295e+02
1.284872448979591866e+02
1.291309285714285693e+02
1.287966122448979718e+02
1.284074081632653019e+02
1.281080204081632701e+02
1.278086326530612098e+02
1.276888775510204113e+02
1.275791020408163234e+02
1.272098571428571319e+02
1.267108775510204026e+02
1.257428571428571331e+02
1.264015102040816316e+02
1.251041632653061129e+02
1.248746326530612123e+02
1.250043673469387784e+02
1.258127142857142786e+02
1.261520204081632528e+02
1.264314489795918348e+02
1.271300204081632614e+02
1.271499795918367255e+02
1.270202448979591878e+02
1.269304285714285641e+02
1.268905102040816359e+02
1.267008979591836635e+02
1.263017142857142829e+02
1.269903061224489704e+02
1.271699387755102038e+02
1.277687142857142817e+02
1.276489591836734689e+02
1.276489591836734689e+02
1.275192244897959171e+02
1.268805306122448968e+02
1.262318571428571374e+02
1.266410204081632713e+02
1.267907142857142730e+02
1.264813469387755021e+02
1.265611836734693725e+02
1.268805306122448968e+02
1.266410204081632713e+02
1.269803265306122313e+02
1.270501836734693910e+02
1.270102653061224487e+02
1.272198367346938852e+02
1.265412244897959084e+02
1.265112857142857052e+02
1.262019183673469342e+02
1.271499795918367255e+02
1.271200408163265223e+02
1.268905102040816359e+02
1.260821632653061215e+02
1.262518163265306157e+02
1.260622040816326432e+02
1.256031428571428563e+02
1.256989469387755065e+02
1.256031428571428563e+02
1.259723877551020479e+02
1.263815510204081676e+02
1.264813469387755021e+02
1.267807346938775481e+02
1.268206530612244904e+02
1.271499795918367255e+02
1.269104693877551000e+02
1.271599591836734646e+02
1.273795102040816261e+02
1.277886734693877600e+02
1.277287959183673394e+02
1.279184081632653118e+02
1.268106734693877513e+02
1.273795102040816261e+02
1.275890816326530484e+02
1.274194285714285684e+02
1.271100612244897974e+02
1.277188163265306144e+02
1.275591428571428452e+02
1.276190204081632515e+02
1.278285918367346881e+02
1.277786938775510066e+02
1.279782857142857182e+02
1.279583265306122399e+02
1.277487551020408034e+02
1.273096530612244806e+02
1.273695306122448869e+02
1.275391836734693811e+02
1.272996734693877556e+02
1.277786938775510066e+02
1.280880612244897918e+02
1.276389795918367440e+02
1.277487551020408034e+02
1.280780816326530669e+02
1.281379591836734733e+02
1.284273673469387802e+02
1.279084285714285585e+02
1.277487551020408034e+02
1.274393877551020466e+02
1.282078163265306046e+02
1.282577142857142860e+02
1.280980408163265452e+02
1.285371428571428680e+02
1.286369387755102025e+02
1.286668775510204057e+02
1.290960000000000036e+02
1.295750204081632546e+02
1.296448775510204143e+02
1.298644285714285616e+02
1.299243061224489679e+02
1.301837755102040717e+02
1.303334693877550876e+02
1.304532244897959004e+02
1.306927346938775543e+02
1.303135102040816378e+02
1.301538367346938685e+02
1.299043469387754897e+02
1.300241020408163024e+02
1.304532244897959004e+02
1.306328571428571479e+02
1.306228775510203945e+02
1.304332653061224221e+02
1.304831632653061320e+02
1.307925306122448887e+02
1.308623877551020200e+02
1.308524081632652951e+02
1.308923265306122516e+02
1.315110612244897936e+02
1.317505714285714475e+02
1.316308163265306064e+02
1.312316326530612116e+02
1.313613673469387777e+02
1.307426326530612073e+02
1.316008775510204032e+02
1.315609591836734751e+02
1.333373265306122448e+02
1.334471020408163326e+02
1.339261224489795836e+02
1.310270510204081518e+02
1.306428367346938728e+02
1.278186122448979631e+02
1.211821836734693960e+02
1.212420612244897882e+02
1.160826122448979447e+02
1.192062244897959147e+02
1.124899591836734629e+02
1.088573877551020388e+02
1.086478163265306165e+02
1.108433265306122308e+02
1.153042040816326619e+02
1.176494081632653064e+02
1.222500000000000000e+02
1.213318775510203977e+02
1.225893061224489742e+02
1.238367551020408115e+02
1.222998979591836672e+02
1.214117142857142824e+02
1.217709795918367348e+02
1.223797346938775377e+02
1.240463265306122338e+02
1.240762653061224512e+02
1.291458979591836567e+02
1.309222653061224548e+02
1.311318367346938771e+02
1.291359183673469317e+02
1.303534285714285659e+02
1.310619795918367458e+02
1.297646326530612271e+02
1.294353061224489636e+02
1.290960000000000036e+02
1.296548571428571393e+02
1.295151428571428482e+02
1.297147346938775456e+02
1.291359183673469317e+02
1.295750204081632546e+02
1.294652448979591668e+02
1.284373469387755051e+02
1.282676938775510109e+02
1.281279795918367199e+02
1.276289999999999907e+02
1.270302244897959270e+02
1.265611836734693725e+02
1.261220816326530496e+02
1.269104693877551000e+02
1.270302244897959270e+02
1.272397959183673493e+02
1.278385714285714130e+02
1.285970204081632744e+02
1.290660612244898005e+02
1.294951836734693700e+02
1.307226734693877575e+02
1.304532244897959004e+02
1.306528163265305977e+02
1.306627959183673511e+02
1.306627959183673511e+02
1.310919183673469490e+02
1.311318367346938771e+02
1.315509795918367217e+02
1.318004693877551006e+02
1.318703265306122319e+02
1.318204285714285788e+02
1.322196122448979736e+02
1.324990408163265272e+02
1.323892653061224394e+02
1.323194081632653081e+02
1.324576255102040818e+02
1.316208367346938530e+02
1.346147142857142569e+02
1.337265306122448862e+02
1.333473061224489697e+02
1.336866122448979581e+02
1.337165510204081613e+02
1.334271428571428544e+02
1.330678775510204161e+02
1.330978163265306193e+02
1.331277551020408225e+02
1.332375306122448819e+02
1.340358979591836714e+02
1.338762244897959306e+02
1.346845714285714450e+02
1.348841632653061140e+02
1.351236734693877679e+02
1.353931224489795682e+02
