2.187555306122449110e+02
2.187054285714285697e+02
2.187354897959183688e+02
2.193367142857142653e+02
2.190461224489795882e+02
2.184448979591836917e+02
2.187855918367347101e+02
2.187555306122449110e+02
2.187054285714285697e+02
2.196974489795918544e+02
2.192465306122449249e+02
2.178436734693877668e+02
2.183647346938775513e+02
2.178837551020408227e+02
2.187054285714285697e+02
2.180541020408163320e+02
2.178136122448979677e+02
2.188356938775510230e+02
2.191463265306122423e+02
2.192866122448979809e+02
2.190661632653061304e+02
2.174127959183673511e+02
2.128234489795918307e+02
2.152784489795918432e+02
2.137252857142857181e+02
2.133946122448979850e+02
2.139156734693877411e+02
2.145670000000000073e+02
2.148475714285714275e+02
2.146772244897959467e+02
2.174428571428571502e+02
2.171622857142857299e+02
2.154588163265306378e+02
2.144868367346938953e+02
2.162704693877551279e+02
2.168416326530612253e+02
2.160901020408163333e+02
2.162604489795918425e+02
2.163506326530612398e+02
2.158496122448979690e+02
2.158095306122449131e+02
2.165410204081632628e+02
2.165961326530612325e+02
2.161001224489795902e+02
2.140258979591836805e+02
2.125929795918367233e+02
2.145870408163265495e+02
2.135248775510204098e+02
2.146772244897959467e+02
2.144567755102040962e+02
2.143064693877551008e+02
2.133946122448979850e+02
2.154387755102040956e+02
2.151181224489795909e+02
2.136451224489796061e+02
2.150179183673469652e+02
2.135749795918367226e+02
2.133645510204081859e+02
2.133645510204081859e+02
2.110798979591836826e+02
2.104185510204081879e+02
2.093363469387755060e+02
2.118815306122448874e+02
2.131240612244897932e+02
2.128034081632653169e+02
2.177434693877551126e+02
2.165209795918367490e+02
2.174729183673469493e+02
2.174829387755102061e+02
2.180040000000000191e+02
2.184950000000000045e+02
2.195170816326530598e+02
2.196172857142857140e+02
2.209600204081632739e+02
2.204289387755102041e+02
2.215512244897959135e+02
2.216113469387755117e+02
2.209700408163265593e+02
2.220823061224489834e+02
2.211804693877550960e+02
2.201183061224489848e+02
2.211003061224489841e+02
2.216714693877551099e+02
2.219720816326530723e+02
2.250283061224489813e+02
2.258700204081632705e+02
2.268620408163265552e+02
2.274833061224489938e+02
2.278741020408163251e+02
2.266215510204081625e+02
2.264712448979591670e+02
2.257096938775510182e+02
2.266115306122449056e+02
2.267117346938775597e+02
2.260604081632652935e+02
2.258900612244898127e+02
2.264812653061224523e+02
2.270323877551020360e+02
2.249381224489795841e+02
2.251886326530612337e+02
2.254992653061224530e+02
2.260804489795918357e+02
2.267317755102041019e+02
2.269923061224489800e+02
2.273730816326530544e+02
2.269422040816326387e+02
2.268219591836734992e+02
2.269622448979591809e+02
2.271927142857142883e+02
2.267718571428571579e+02
2.269973163265306084e+02
2.273029387755101993e+02
2.271626530612244892e+02
2.268119387755102139e+02
2.268620408163265552e+02
2.291667346938775438e+02
2.298681632653061229e+02
2.298882040816326366e+02
2.286356530612244740e+02
2.274432244897959094e+02
2.287208265306122428e+02
2.276636734693877600e+02
2.292869795918367402e+02
2.293370816326530814e+02
2.298481224489795807e+02
2.290765510204081750e+02
2.300284897959183752e+02
2.314714285714285893e+02
2.325536326530612428e+02
2.330346122448979713e+02
2.339264285714285734e+02
2.354395102040816425e+02
2.344274489795918441e+02
2.360006530612245115e+02
2.365016734693877822e+02
2.373634285714285852e+02
2.359405306122449133e+02
2.371229387755101925e+02
2.371529999999999916e+02
2.388765102040816259e+02
2.400488979591836767e+02
2.386560612244897754e+02
2.379846938775510239e+02
2.378444081632653138e+02
2.378243673469387716e+02
2.371830612244897907e+02
2.384556530612244956e+02
2.381049387755102202e+02
2.376640408163265477e+02
2.380448163265306221e+02
2.395979795918367472e+02
2.382352040816326451e+02
2.375137346938775522e+02
2.379546326530612248e+02
2.342470816326530780e+02
2.344775510204081570e+02
2.348583265306122598e+02
2.324033265306122473e+02
2.337460612244898073e+02
2.354695714285714416e+02
2.359505510204081702e+02
2.363814285714285859e+02
2.362812244897959317e+02
2.354795918367346985e+02
2.367421632653061181e+02
2.354194693877551003e+02
2.356298979591836940e+02
2.358403265306122591e+02
2.353793877551020444e+02
2.352190612244898205e+02
2.341168163265305964e+02
2.335857346938775834e+02
2.341969795918367367e+02
2.349986122448979700e+02
2.346278571428571524e+02
2.357301020408163197e+02
2.376640408163265477e+02
2.383955306122448974e+02
2.389967551020408223e+02
2.392572857142857288e+02
2.393875510204081820e+02
2.391671020408163315e+02
2.393274285714285838e+02
2.387763061224489718e+02
2.393174081632653269e+02
2.396781428571428592e+02
2.402392857142857281e+02
2.404497142857142933e+02
2.398785510204081675e+02
2.398384693877551115e+02
2.395779387755102050e+02
2.399587142857142794e+02
2.411311020408163301e+02
2.385859183673469488e+02
2.362110816326530482e+02
2.378143469387755147e+02
2.393875510204081820e+02
2.404396938775510080e+02
2.408104489795918255e+02
2.416922448979591707e+02
2.420329387755101891e+02
2.418325306122449092e+02
2.423335510204081800e+02
2.424638163265306048e+02
2.439167755102040758e+02
2.444678979591836878e+02
2.438366122448979638e+02
2.440971428571428703e+02
2.442674897959183795e+02
2.445881428571428557e+02
2.436261836734693986e+02
2.444779183673469447e+02
2.453597142857143183e+02
2.431752653061224692e+02
2.432654489795918664e+02
2.440871224489796134e+02
2.447484693877551081e+02
2.439167755102040758e+02
2.434558367346938894e+02
2.434057346938775481e+02
2.443977551020408328e+02
2.435360000000000014e+02
2.429948979591836746e+02
2.441572653061224401e+02
2.427744489795918525e+02
2.433756734693877490e+02
2.431251632653061279e+02
2.423836530612244928e+02
2.417022653061224560e+02
2.424437755102040626e+02
2.426542040816326562e+02
2.437965306122449078e+02
2.445180000000000291e+02
2.449288367346939026e+02
2.459709591836734717e+02
2.455601224489795982e+02
2.465220816326530837e+02
2.477846530612245033e+02
2.469429387755102141e+02
2.472936530612244894e+02
2.481854693877551199e+02
2.482556122448979750e+02
2.484660408163265402e+02
2.471533673469387793e+02
2.478748367346939006e+02
2.479650204081632694e+02
2.479750408163265263e+02
2.478147142857143024e+02
2.480251428571428676e+02
2.479950816326530685e+02
2.480151224489795823e+02
2.469730000000000132e+02
2.467926326530612187e+02
2.445180000000000291e+02
2.460912040816326680e+02
2.474840408163265124e+02
2.476143061224489941e+02
2.467425306122449058e+02
2.433957142857142912e+02
2.431351836734693848e+02
2.440670816326530712e+02
2.448286326530612484e+02
2.455000000000000000e+02
2.453997959183673458e+02
2.456703469387755092e+02
2.435560408163265436e+02
2.453296530612245192e+02
2.472235102040816344e+02
2.484259591836734558e+02
2.477646122448979611e+02
2.473437551020408307e+02
2.477545918367347042e+02
2.470431428571428683e+02
2.485462040816326521e+02
2.501394489795918332e+02
2.502296326530612305e+02
2.503097959183673709e+02
2.491975306122448899e+02
2.501194081632653194e+02
2.505102040816326507e+02
2.505803469387755058e+02
2.503899591836734828e+02
2.495582653061224789e+02
2.496584693877551047e+02
2.499290204081632680e+02
2.503899591836734828e+02
2.502396530612244874e+02
2.508508979591836692e+02
2.520032448979592061e+02
2.529752244897959201e+02
2.532056938775510275e+02
2.540574285714285736e+02
2.546686734693877554e+02
2.551496530612244840e+02
2.551195918367346849e+02
2.550294081632653160e+02
2.551797142857142831e+02
2.556606938775510116e+02
2.557308367346938951e+02
2.557508775510204089e+02
2.564222448979592173e+02
2.553500612244898207e+02
2.572238775510203936e+02
2.580054693877551131e+02
2.571236734693877679e+02
2.567028163265306375e+02
2.565124285714285861e+02
2.569934081632653147e+02
2.575946326530612396e+02
2.577048571428571790e+02
2.585666122448980104e+02
2.579353265306122580e+02
2.582960612244897902e+02
2.588271428571428601e+02
2.594985102040816400e+02
2.589974897959183977e+02
2.582559795918367627e+02
2.582559795918367627e+02
2.578351224489795754e+02
2.579353265306122580e+02
2.571437142857142817e+02
2.580455510204081406e+02
2.587469795918367481e+02
2.586668163265305793e+02
2.597089387755102052e+02
2.605306122448979522e+02
2.608512653061224569e+02
2.609414489795918826e+02
2.612921632653061010e+02
2.635567755102040906e+02
2.642982857142857256e+02
2.653003265306122671e+02
2.668534897959183922e+02
2.649696530612245056e+02
2.634064693877551235e+02
2.636269183673469456e+02
2.655307959183673461e+02
2.661220000000000141e+02
2.671140204081632419e+02
2.676050204081632842e+02
2.676350816326530548e+02
2.659917346938775609e+02
2.686471428571429101e+02
2.690279183673469561e+02
2.688174897959183340e+02
2.682864081632653210e+02
2.681461224489796109e+02
2.675950000000000273e+02
2.679256734693877320e+02
2.684367142857142881e+02
2.690780204081632405e+02
2.683866122448979468e+02
2.695088979591836846e+02
2.717534693877551035e+02
2.730661428571428360e+02
2.738677755102040692e+02
2.749599999999999795e+02
2.742385306122449151e+02
2.753107142857143117e+02
2.769841224489796332e+02
2.799201020408163458e+02
2.785974081632652997e+02
2.800503673469387991e+02
2.803710204081633037e+02
2.807417755102040928e+02
2.833170204081632733e+02
2.845996326530612350e+02
2.847399183673469452e+02
2.848301020408163140e+02
2.865135306122448924e+02
2.831767346938775631e+02
2.833070000000000164e+02
2.816436122448979518e+02
2.806515918367346671e+02
2.740080612244897793e+02
2.604704897959183540e+02
2.690479591836734699e+02
2.685569591836734844e+02
2.613322448979591854e+02
2.643684285714285807e+02
2.645087142857143476e+02
2.648494081632653092e+02
2.721242244897958926e+02
2.728757551020408414e+02
2.725851632653061074e+02
2.724548979591836542e+02
2.716532653061224778e+02
2.723446734693877715e+02
2.764931224489795909e+02
2.786775714285714685e+02
2.762426122448979982e+02
2.719638979591837256e+02
2.663424489795918362e+02
2.682763877551020641e+02
2.738577551020408123e+02
2.709718775510204409e+02
2.741082653061224619e+02
2.762626530612245119e+02
2.797697959183673220e+02
2.804111020408163313e+02
2.783769591836734776e+02
2.764430204081632496e+02
2.750602040816326621e+02
2.739078571428571536e+02
2.714929387755101970e+02
2.714528571428571126e+02
2.684567551020408587e+02
2.647091224489795991e+02
2.626649591836734885e+02
2.667132040816326821e+02
2.612821428571428442e+02
2.616528979591836901e+02
2.630858163265306189e+02
2.593983061224490143e+02
2.572739795918367349e+02
2.660919387755102434e+02
2.639575918367347072e+02
2.619034081632653397e+02
2.648093265306122248e+02
2.640076938775510484e+02
2.658013469387755094e+02
2.679557346938775595e+02
2.675448979591836860e+02
2.698796530612244737e+02
2.712424285714285475e+02
2.702003061224489784e+02
2.693585918367347176e+02
2.678054285714285925e+02
2.682763877551020641e+02
2.634465510204082079e+02
2.653303877551020946e+02
2.675448979591836860e+02
2.678054285714285925e+02
2.644085102040816651e+02
2.653003265306122671e+02
2.627952244897959417e+02
2.620537142857142499e+02
2.674346734693877465e+02
2.670438775510203868e+02
2.682262857142857229e+02
2.708917142857142721e+02
2.727154285714286175e+02
2.738978367346938398e+02
2.721442653061224064e+02
2.716933469387755054e+02
2.724949795918367386e+02
2.721743265306122339e+02
2.735671632653061351e+02
2.745191020408163354e+02
2.717234081632653329e+02
2.734669591836735094e+02
2.727054081632653038e+02
2.708616530612245015e+02
2.710520408163265529e+02
2.727054081632653038e+02
2.729659387755102102e+02
2.750902653061224328e+02
2.756113265306122457e+02
2.763528367346938808e+02
2.785172448979591877e+02
2.774150000000000205e+02
2.790082448979591732e+02
2.795994489795918412e+02
2.797597755102040651e+02
2.795794081632653274e+02
2.771644897959183709e+02
2.760522244897959467e+02
2.745591836734694198e+02
2.768338163265306093e+02
2.765231836734693616e+02
2.762225714285714844e+02
2.739980408163265224e+02
2.721943673469387477e+02
2.728156326530612432e+02
2.698395714285714462e+02
2.726753469387755331e+02
2.700600204081632683e+02
2.734268775510204250e+02
2.727254489795918744e+02
2.736974285714285884e+02
2.771143877551020864e+02
2.789781836734694025e+02
2.777156122448979545e+02
2.788479183673468924e+02
2.797397346938775513e+02
2.802106938775510230e+02
2.790383061224490007e+02
2.811325714285714525e+02
2.808820612244898030e+02
2.803409591836734762e+02
2.800203061224489716e+02
2.823650816326530730e+02
2.819041428571428582e+02
2.837779591836734880e+02
2.842889999999999873e+02
2.820845102040816528e+02
2.813830816326530453e+02
2.821346122448979941e+02
2.799601836734693734e+02
2.831065918367346512e+02
2.842188571428571322e+02
2.859724285714285656e+02
2.859724285714285656e+02
2.861127142857142758e+02
2.840284693877550808e+02
2.840485102040816514e+02
2.834973877551020678e+02
2.829562857142857411e+02
2.839783673469387395e+02
2.844092448979591836e+02
2.861527959183673602e+02
2.868341836734693970e+02
2.864634285714285511e+02
2.865536122448979768e+02
2.870245714285714485e+02
2.894495102040816619e+02
2.908924489795918475e+02
2.907521632653061374e+02
2.915337551020408000e+02
2.904315102040816328e+02
2.904315102040816328e+02
2.900006326530612455e+02
2.897401020408163390e+02
2.875656734693877752e+02
2.893292653061224655e+02
2.879564693877551349e+02
2.896499183673469702e+02
2.909124897959183613e+02
2.916539999999999964e+02
2.914135102040816605e+02
2.901709795918367263e+02
2.915638163265306275e+02
2.932372244897958922e+02
2.936881428571428501e+02
2.919345714285714166e+02
2.921249591836734680e+02
2.915036938775510293e+02
2.910026734693877870e+02
2.905818163265306566e+02
2.927061428571428792e+02
2.921550204081632955e+02
2.933374285714285747e+02
2.917742448979591927e+02
2.902812040816326657e+02
2.876358163265306302e+02
2.879765102040816487e+02
2.874153673469387513e+02
2.776454693877550994e+02
2.773348367346938517e+02
2.761123469387755449e+02
2.771644897959183709e+02
2.810123265306122562e+02
2.799702040816326303e+02
2.776955714285714407e+02
2.775653061224489875e+02
2.715029591836734539e+02
2.738878163265305830e+02
2.679256734693877320e+02
2.664626938775510325e+02
2.693485714285714607e+02
2.642081020408163567e+02
2.712023469387755199e+02
2.721542857142857201e+02
2.753107142857143117e+02
2.729959999999999809e+02
2.738777959183673261e+02
2.781264489795918280e+02
2.806816530612244946e+02
2.795994489795918412e+02
2.777556938775510389e+02
2.736473265306122471e+02
2.747195102040816437e+02
2.693285306122448901e+02
2.723446734693877715e+02
2.736072448979592195e+02
2.659015510204081920e+02
2.664025714285714344e+02
2.637171020408163145e+02
2.663224081632652656e+02
2.668835510204081629e+02
2.701502040816326939e+02
2.742685918367346858e+02
2.743687959183673684e+02
2.808519999999999754e+02
2.789381020408163181e+02
2.664626938775510325e+02
2.700099183673469270e+02
2.639074897959183659e+02
2.682062448979592091e+02
2.680158571428571577e+02
2.670639183673469006e+02
2.634966530612244924e+02
2.599293877551020273e+02
2.577248979591836928e+02
2.556907551020408107e+02
2.503699183673469690e+02
2.472435510204081766e+02
2.395278367346938637e+02
2.364515714285714409e+02
2.430650408163265297e+02
2.500893469387755204e+02
2.500693061224489782e+02
2.464819999999999993e+02
2.487365918367347035e+02
2.480952857142857226e+02
2.532056938775510275e+02
2.573441224489795900e+02
2.580856326530612250e+02
2.567829795918367495e+02
2.582058775510204214e+02
2.573842040816326744e+02
2.583461632653061315e+02
2.613623061224489561e+02
2.605406326530612091e+02
2.655207755102040892e+02
2.653604489795918084e+02
2.645487959183673183e+02
2.637471632653060851e+02
2.661520612244898416e+02
2.639275306122448796e+02
2.644586122448980063e+02
2.656410204081632855e+02
2.680559387755101852e+02
2.707013265306122207e+02
2.706612448979591932e+02
2.729959999999999809e+02
2.733467142857143131e+02
2.714929387755101970e+02
2.692984693877551194e+02
2.717534693877551035e+02
2.729759591836734671e+02
2.755912857142856751e+02
2.743387346938775408e+02
2.769240000000000350e+02
2.770455475510203769e+02
2.783769591836734776e+02
2.782667346938775381e+02
2.786775714285714685e+02
2.813029183673469902e+02
2.796996530612244669e+02
2.790884081632652851e+02
2.795293061224489861e+02
2.810123265306122562e+02
2.821746938775510785e+02
2.801104897959183972e+02
2.797196938775509807e+02
2.773949591836734498e+02
2.734970204081632801e+02
2.758217551020408109e+02
2.796295102040816687e+02
2.810524081632653406e+02
2.819442244897959426e+02
2.811125306122449388e+02
2.821245918367347372e+02
2.840885918367346790e+02
2.827358367346939190e+02
2.812127346938775645e+02
2.837980000000000587e+02
2.794391224489796173e+02
2.815634489795918398e+02
2.816836938775510362e+02
2.809221428571428874e+02
2.829663061224489979e+02
2.852810204081632719e+02
2.866237551020408318e+02
2.879063673469387936e+02
2.873652653061224100e+02
2.885075918367347185e+02
2.886879591836735131e+02
2.883071836734694102e+02
2.883572857142856947e+02
2.894194489795918344e+02
2.905918367346938567e+02
2.908323265306122494e+02
2.915437755102040569e+02
2.919946938775510148e+02
2.906920408163265392e+02
2.897601428571428528e+02
2.912732244897959504e+02
2.933875306122449160e+02
2.927161632653061361e+02
2.926961224489796223e+02
2.941089999999999804e+02
2.940889591836734667e+02
2.953214693877551440e+02
2.922752653061224350e+02
2.934175918367346867e+02
2.898403061224489647e+02
2.907421428571428237e+02
2.881167959183673020e+02
2.858121020408163417e+02
2.862028979591837015e+02
2.829963673469388254e+02
2.825654897959183813e+02
2.821646734693877647e+02
2.864233469387754667e+02
2.857219183673469161e+02
2.846397142857143194e+02
2.864133265306122098e+02
2.860325510204081638e+02
2.837378775510204605e+02
2.843190612244898148e+02
2.836677346938775486e+02
2.794792040816327017e+02
2.796796122448979531e+02
2.767636734693877543e+02
2.758718571428571522e+02
2.776855510204081838e+02
2.829061836734693998e+02
2.838681428571428569e+02
2.865135306122448924e+02
2.899605510204081611e+02
2.915838571428571413e+02
2.892290612244897829e+02
2.899906122448979318e+02
2.898503265306122216e+02
2.901108571428571281e+02
2.919846734693877579e+02
2.931470408163265233e+02
2.966441632653061333e+02
2.947302653061224760e+02
2.948304693877551017e+02
2.942993877551020319e+02
2.923454081632652901e+02
2.919045102040816460e+02
2.931771020408162940e+02
2.972854693877551426e+02
2.962132857142857461e+02
2.977864897959183850e+02
2.980470204081632914e+02
2.976161428571428473e+02
2.961431428571428910e+02
2.989789183673469779e+02
2.999308571428571213e+02
3.004619387755102480e+02
3.017445510204081529e+02
3.012635714285714243e+02
3.003617346938775654e+02
2.977965102040816419e+02
3.006523265306122994e+02
2.982173673469387722e+02
2.997504897959183836e+02
2.998005918367347249e+02
3.015541632653061015e+02
3.013737959183673638e+02
3.024960816326530448e+02
3.005220612244898462e+02
3.016042653061224428e+02
2.982073469387755154e+02
2.944496938775510557e+02
2.886779387755101993e+02
2.864934897959183786e+02
2.849804081632652810e+02
2.902110612244898107e+02
2.931771020408162940e+02
2.905517551020408291e+02
2.883272244897959240e+02
2.886578979591836855e+02
2.854613877551020664e+02
2.870646530612245328e+02
2.927863061224489911e+02
2.923654489795918039e+02
2.930768979591837251e+02
2.938284285714286170e+02
2.915137142857142862e+02
2.878562653061224523e+02
2.901308979591836987e+02
2.867239591836734576e+02
2.923153469387755194e+02
2.948204489795918448e+02
2.911630000000000109e+02
2.937382448979591913e+02
2.973956938775510253e+02
2.987785102040816696e+02
2.997504897959183836e+02
2.979668571428571795e+02
2.990791224489796036e+02
3.018647959183673493e+02
3.023958775510203623e+02
3.004519183673469342e+02
3.005521224489796168e+02
3.011032448979592004e+02
3.021453673469387695e+02
3.009729795918367472e+02
2.981572448979591741e+02
3.000210408163265470e+02
2.965639999999999645e+02
2.982374081632652860e+02
2.984378163265305943e+02
2.965740204081632783e+02
2.983476326530612255e+02
2.920948979591836974e+02
2.883973673469387791e+02
2.917341632653061083e+02
2.940689183673469529e+02
2.916339591836734826e+02
2.913433673469388054e+02
2.917742448979591927e+02
2.968746326530612123e+02
2.965339387755101939e+02
2.977063265306122730e+02
2.989789183673469779e+02
3.002915918367347103e+02
2.992995714285714257e+02
3.000310612244898039e+02
3.011934285714285693e+02
2.993396530612245101e+02
3.015241020408163308e+02
3.003517142857143085e+02
3.035582448979591845e+02
3.036183673469387827e+02
3.040492448979591700e+02
3.047506734693877775e+02
3.055422857142857538e+02
3.084782653061224664e+02
3.082177346938775599e+02
3.076565918367346626e+02
3.091997346938775308e+02
3.084281632653061251e+02
3.080473877551020792e+02
3.093801020408163254e+02
3.085383877551020646e+02
3.094201836734694098e+02
3.116547346938775149e+02
3.121657755102040710e+02
3.133181224489795795e+02
3.119152653061224214e+02
3.115244693877551185e+02
3.117248775510203700e+02
3.126166938775510289e+02
3.140496122448980145e+02
3.152520612244898075e+02
3.155025714285714571e+02
3.152320204081632369e+02
3.092798979591836428e+02
3.113340816326530671e+02
3.128672040816326785e+02
3.147610612244898221e+02
3.150817142857142699e+02
3.144604489795918312e+02
3.146708775510203964e+02
3.150716938775510130e+02
3.175166734693877402e+02
3.198714693877551554e+02
3.205728979591837060e+02
3.206530612244898180e+02
3.204526530612245097e+02
3.211139999999999759e+02
3.222463061224489707e+02
3.221260612244898311e+02
3.223064285714285688e+02
3.244006938775510207e+02
3.236090816326530444e+02
3.211841428571428310e+02
3.242002857142857692e+02
3.218154285714285834e+02
3.211440612244898034e+02
3.236792244897958994e+02
3.235990612244897875e+02
3.268256326530612341e+02
3.279578385714285673e+02
3.270561020408163131e+02
3.281383061224490234e+02
3.280180612244898271e+02
3.303728571428571286e+02
3.323769387755102116e+02
3.315753061224489784e+02
3.329180408163265383e+02
3.313047551020408150e+02
3.331184489795918466e+02
3.236892448979591563e+02
3.257233877551020669e+02
3.290501632653061392e+02
3.250219591836735162e+02
3.276673469387754949e+02
3.240098979591837178e+02
3.287395306122448915e+02
3.329481020408163090e+02
3.345914489795918598e+02
3.334992244897958926e+02
3.319059795918367399e+02
3.368460408163265356e+02
3.375174081632653156e+02
3.365475328571428690e+02
3.381987959183673524e+02
3.371967551020408109e+02
3.384793673469388295e+02
3.384315700000000220e+02
3.361546326530612419e+02
3.237994693877550958e+02
3.246011020408163290e+02
3.148211836734694202e+02
3.060833877551020237e+02
2.892891836734693811e+02
2.988185918367346972e+02
3.101316326530612173e+02
3.067447346938775468e+02
3.056024081632653520e+02
2.937482653061224482e+02
2.758618367346938953e+02
2.852208979591836737e+02
2.812728571428571627e+02
2.565224489795918430e+02
2.636269183673469456e+02
2.416722040816326569e+02
2.455400816326530560e+02
2.367321428571428612e+02
2.397382653061224573e+02
2.430249591836734737e+02
2.286556938775510162e+02
2.348984081632652874e+02
2.453697346938775752e+02
2.500292244897959222e+02
2.537868775510204387e+02
2.562218367346938521e+02
2.610917551020408496e+02
2.484860816326530539e+02
2.456903877551020514e+02
2.512717551020407996e+02
2.583662040816326453e+02
2.747696122448979281e+02
2.685068571428571431e+02
2.781464897959183418e+02
2.777055918367346976e+02
2.815534285714285829e+02
2.781364693877550849e+02
2.797196938775509807e+02
2.859624081632653088e+02
2.831867551020408200e+02
2.772947551020408241e+02
2.789180612244898043e+02
2.810624285714285975e+02
2.813029183673469902e+02
2.857018775510204023e+02
2.916139183673469120e+02
2.921249591836734680e+02
2.923053265306122057e+02
2.858922653061224537e+02
2.813129387755102471e+02
2.872249795918366999e+02
2.886278367346939149e+02
2.883372448979591809e+02
2.916840612244897670e+02
2.909325306122448751e+02
2.943895714285714575e+02
2.866437959183673456e+02
2.795192857142857292e+02
2.829462653061224842e+02
2.936480612244898225e+02
2.949507142857142981e+02
2.964237142857143112e+02
2.973956938775510253e+02
2.951711632653061201e+02
3.025461836734693861e+02
3.027365714285714375e+02
3.052717346938775336e+02
3.030772653061224560e+02
3.042396326530612214e+02
3.071756122448979909e+02
3.108731428571428523e+02
3.117449183673469406e+02
3.178774081632653292e+02
3.208735102040816400e+02
3.209536734693877520e+02
3.220759591836734899e+02
3.120956326530612159e+02
3.088690612244898261e+02
2.986282040816326457e+02
3.161238367346938958e+02
3.147109591836734808e+02
3.106376632653061165e+02
3.148111632653061633e+02
3.086185510204081766e+02
3.141297755102041265e+02
3.104723265306122357e+02
3.040893265306122544e+02
3.067848163265306312e+02
3.020251224489796300e+02
3.046103877551020673e+02
3.102017755102040724e+02
3.148813061224490184e+02
3.170156530612244978e+02
3.160236326530612132e+02
3.152520612244898075e+02
