8.528369387755101627e+01
8.530373469387754426e+01
8.531375510204081536e+01
8.525363265306123139e+01
8.522357142857143231e+01
8.520353061224490432e+01
8.524361224489796030e+01
8.523359183673470341e+01
8.524361224489796030e+01
8.522357142857143231e+01
8.525363265306123139e+01
8.521355102040817542e+01
8.519351020408163322e+01
8.510332653061225017e+01
8.516344897959183413e+01
8.517346938775510523e+01
8.508328571428570797e+01
8.515342857142857724e+01
8.513338775510203504e+01
8.523359183673470341e+01
8.519351020408163322e+01
8.512336734693877816e+01
8.512336734693877816e+01
8.516344897959183413e+01
8.513338775510203504e+01
8.518348979591837633e+01
8.519351020408163322e+01
8.517346938775510523e+01
8.517346938775510523e+01
8.513338775510203504e+01
8.516344897959183413e+01
8.517346938775510523e+01
8.522357142857143231e+01
8.528369387755101627e+01
8.524361224489796030e+01
8.522357142857143231e+01
8.527367346938774517e+01
8.516344897959183413e+01
8.512336734693877816e+01
8.511334693877550706e+01
8.503318367346939510e+01
8.505322448979590888e+01
8.503318367346939510e+01
8.499310204081632492e+01
8.500312244897959602e+01
8.503318367346939510e+01
8.504320408163266620e+01
8.507326530612245108e+01
8.509330612244897907e+01
8.510332653061225017e+01
8.512336734693877816e+01
8.510332653061225017e+01
8.509330612244897907e+01
8.506324489795917998e+01
8.505322448979590888e+01
8.504320408163266620e+01
8.503318367346939510e+01
8.509330612244897907e+01
8.504320408163266620e+01
8.510332653061225017e+01
8.509330612244897907e+01
8.512336734693877816e+01
8.510332653061225017e+01
8.510332653061225017e+01
8.506324489795917998e+01
8.496304081632654004e+01
8.492295918367346985e+01
8.481273469387755881e+01
8.477265306122448862e+01
8.478267346938775972e+01
8.479269387755103082e+01
8.476263265306123174e+01
8.472255102040816155e+01
8.470251020408163356e+01
8.464238775510203538e+01
8.464238775510203538e+01
8.466242857142856337e+01
8.467244897959183447e+01
8.467244897959183447e+01
8.457224489795919453e+01
8.466242857142856337e+01
8.464238775510203538e+01
8.468246938775510557e+01
8.469248979591836246e+01
8.465240816326530648e+01
8.469248979591836246e+01
8.463236734693876429e+01
8.463236734693876429e+01
8.462234693877552161e+01
8.442193877551019909e+01
8.444197959183672708e+01
8.448206122448979727e+01
8.446202040816326928e+01
8.452214285714285325e+01
8.448206122448979727e+01
8.451212244897959636e+01
8.446202040816326928e+01
8.447204081632652617e+01
8.453216326530612434e+01
8.460230612244899362e+01
8.454218367346939544e+01
8.452214285714285325e+01
8.458226530612245142e+01
8.458226530612245142e+01
8.460230612244899362e+01
8.461232653061225051e+01
8.464238775510203538e+01
8.467244897959183447e+01
8.463236734693876429e+01
8.470251020408163356e+01
8.466242857142856337e+01
8.456222448979592343e+01
8.459228571428572252e+01
8.469248979591836246e+01
8.470251020408163356e+01
8.465240816326530648e+01
8.463236734693876429e+01
8.466242857142856337e+01
8.469248979591836246e+01
8.468246938775510557e+01
8.458226530612245142e+01
8.465240816326530648e+01
8.469248979591836246e+01
8.470251020408163356e+01
8.473257142857143265e+01
8.474259183673468954e+01
8.475261224489796064e+01
8.468246938775510557e+01
8.467244897959183447e+01
8.466242857142856337e+01
8.457224489795919453e+01
8.462234693877552161e+01
8.470251020408163356e+01
8.468246938775510557e+01
8.472255102040816155e+01
8.474259183673468954e+01
8.479269387755103082e+01
8.481273469387755881e+01
8.474259183673468954e+01
8.454218367346939544e+01
8.452214285714285325e+01
8.449208163265305416e+01
8.451212244897959636e+01
8.450210204081632526e+01
8.442193877551019909e+01
8.443195918367347019e+01
8.443195918367347019e+01
8.445199999999999818e+01
8.441191836734694220e+01
8.443195918367347019e+01
8.452214285714285325e+01
8.455220408163265233e+01
8.457224489795919453e+01
8.459228571428572252e+01
8.468246938775510557e+01
8.468246938775510557e+01
8.465240816326530648e+01
8.471253061224490466e+01
8.471253061224490466e+01
8.467244897959183447e+01
8.467244897959183447e+01
8.470251020408163356e+01
8.465240816326530648e+01
8.469248979591836246e+01
8.467244897959183447e+01
8.467244897959183447e+01
8.468246938775510557e+01
8.462234693877552161e+01
8.467244897959183447e+01
8.473257142857143265e+01
8.476263265306123174e+01
8.480271428571428771e+01
8.482275510204082991e+01
8.484279591836734369e+01
8.481273469387755881e+01
8.484279591836734369e+01
8.476263265306123174e+01
8.473257142857143265e+01
8.472255102040816155e+01
8.473257142857143265e+01
8.474259183673468954e+01
8.469248979591836246e+01
8.467244897959183447e+01
8.470251020408163356e+01
8.462234693877552161e+01
8.463236734693876429e+01
8.464238775510203538e+01
8.459228571428572252e+01
8.462234693877552161e+01
8.456222448979592343e+01
8.467244897959183447e+01
8.468246938775510557e+01
8.469248979591836246e+01
8.476263265306123174e+01
8.479269387755103082e+01
8.478267346938775972e+01
8.475261224489796064e+01
8.475261224489796064e+01
8.472255102040816155e+01
8.474259183673468954e+01
8.476263265306123174e+01
8.477265306122448862e+01
8.479269387755103082e+01
8.467244897959183447e+01
8.474259183673468954e+01
8.472255102040816155e+01
8.474259183673468954e+01
8.470251020408163356e+01
8.468246938775510557e+01
8.465240816326530648e+01
8.463236734693876429e+01
8.462234693877552161e+01
8.473257142857143265e+01
8.466242857142856337e+01
8.467244897959183447e+01
8.465240816326530648e+01
8.462234693877552161e+01
8.463236734693876429e+01
8.469248979591836246e+01
8.470251020408163356e+01
8.469248979591836246e+01
8.467244897959183447e+01
8.469248979591836246e+01
8.465240816326530648e+01
8.469248979591836246e+01
8.459228571428572252e+01
8.453216326530612434e+01
8.455721428571429499e+01
8.458226530612245142e+01
8.460230612244899362e+01
8.459228571428572252e+01
8.468246938775510557e+01
8.465240816326530648e+01
8.471253061224490466e+01
8.467244897959183447e+01
8.469248979591836246e+01
8.470251020408163356e+01
8.472255102040816155e+01
8.472255102040816155e+01
8.471253061224490466e+01
8.468246938775510557e+01
8.467244897959183447e+01
8.471253061224490466e+01
8.473257142857143265e+01
8.473257142857143265e+01
8.466242857142856337e+01
8.466242857142856337e+01
8.470251020408163356e+01
8.469248979591836246e+01
8.468246938775510557e+01
8.470251020408163356e+01
8.474259183673468954e+01
8.472255102040816155e+01
8.475261224489796064e+01
8.480271428571428771e+01
8.473257142857143265e+01
8.470251020408163356e+01
8.477265306122448862e+01
8.483277551020408680e+01
8.479269387755103082e+01
8.480271428571428771e+01
8.479269387755103082e+01
8.481273469387755881e+01
8.479269387755103082e+01
8.481273469387755881e+01
8.487285714285714278e+01
8.483277551020408680e+01
8.484279591836734369e+01
8.477265306122448862e+01
8.480271428571428771e+01
8.483277551020408680e+01
8.486283673469387168e+01
8.487285714285714278e+01
8.483277551020408680e+01
8.477265306122448862e+01
8.476263265306123174e+01
8.470251020408163356e+01
8.473257142857143265e+01
8.467244897959183447e+01
8.469248979591836246e+01
8.471253061224490466e+01
8.462234693877552161e+01
8.464238775510203538e+01
8.464238775510203538e+01
8.466242857142856337e+01
8.461232653061225051e+01
8.464238775510203538e+01
8.465240816326530648e+01
8.455220408163265233e+01
8.454218367346939544e+01
8.455220408163265233e+01
8.453216326530612434e+01
8.447204081632652617e+01
8.456222448979592343e+01
8.450210204081632526e+01
8.451212244897959636e+01
8.450210204081632526e+01
8.454218367346939544e+01
8.451212244897959636e+01
8.446202040816326928e+01
8.443195918367347019e+01
8.448206122448979727e+01
8.447204081632652617e+01
8.446202040816326928e+01
8.447204081632652617e+01
8.442193877551019909e+01
8.444197959183672708e+01
8.442193877551019909e+01
8.451212244897959636e+01
8.452214285714285325e+01
8.434177551020408714e+01
8.440189795918368532e+01
8.443195918367347019e+01
8.436181632653061513e+01
8.440189795918368532e+01
8.435179591836735824e+01
8.435179591836735824e+01
8.438185714285714312e+01
8.433175510204081604e+01
8.430169387755101695e+01
8.435179591836735824e+01
8.427163265306121787e+01
8.431171428571428805e+01
8.428165306122448897e+01
8.424157142857141878e+01
8.425159183673468988e+01
8.433175510204081604e+01
8.426161224489796098e+01
8.430169387755101695e+01
8.425159183673468988e+01
8.428165306122448897e+01
8.415138775510204994e+01
8.414136734693877884e+01
8.413134693877550774e+01
8.420148979591837701e+01
8.415138775510204994e+01
8.416140816326530683e+01
8.415138775510204994e+01
8.410128571428572286e+01
8.417142857142857792e+01
8.417142857142857792e+01
8.413134693877550774e+01
8.413134693877550774e+01
8.411130612244897975e+01
8.408124489795918066e+01
8.401110204081632560e+01
8.397102040816326962e+01
8.394095918367347053e+01
8.397102040816326962e+01
8.398104081632654072e+01
8.403114285714285359e+01
8.402112244897958249e+01
8.398104081632654072e+01
8.394095918367347053e+01
8.394095918367347053e+01
8.397102040816326962e+01
8.397102040816326962e+01
8.395097959183674163e+01
8.394095918367347053e+01
8.397102040816326962e+01
8.383073469387754528e+01
8.389085714285714346e+01
8.385077551020408748e+01
8.387081632653061547e+01
8.385077551020408748e+01
8.385077551020408748e+01
8.388083673469387236e+01
8.386079591836734437e+01
8.388083673469387236e+01
8.378063265306123242e+01
8.382071428571428839e+01
8.381069387755101729e+01
8.369044897959183515e+01
8.365036734693877918e+01
8.362030612244898009e+01
8.368042857142857827e+01
8.369044897959183515e+01
8.370046938775510625e+01
8.371048979591837735e+01
8.376059183673470443e+01
8.372051020408163424e+01
8.367040816326530717e+01
8.361028571428570899e+01
8.354014285714286814e+01
8.358022448979590990e+01
8.360026530612245210e+01
8.362030612244898009e+01
8.364034693877550808e+01
8.368042857142857827e+01
8.370046938775510625e+01
8.362030612244898009e+01
8.356018367346939613e+01
8.362030612244898009e+01
8.362030612244898009e+01
8.360026530612245210e+01
8.359024489795918100e+01
8.359024489795918100e+01
8.356018367346939613e+01
8.360026530612245210e+01
8.362030612244898009e+01
8.359024489795918100e+01
8.360026530612245210e+01
8.362030612244898009e+01
8.357020408163266723e+01
8.356018367346939613e+01
8.352010204081632594e+01
8.361028571428570899e+01
8.365036734693877918e+01
8.365036734693877918e+01
8.363032653061223698e+01
8.371048979591837735e+01
8.367040816326530717e+01
8.362030612244898009e+01
8.364034693877550808e+01
8.364034693877550808e+01
8.357020408163266723e+01
8.364034693877550808e+01
8.361028571428570899e+01
8.360026530612245210e+01
8.361028571428570899e+01
8.358022448979590990e+01
8.354014285714286814e+01
8.352010204081632594e+01
8.352010204081632594e+01
8.346999999999999886e+01
8.346999999999999886e+01
8.343993877551019978e+01
8.342991836734694289e+01
8.338983673469387270e+01
8.339985714285714380e+01
8.345997959183674197e+01
8.343993877551019978e+01
8.344995918367347087e+01
8.333973469387755983e+01
8.331969387755103185e+01
8.336979591836735892e+01
8.338983673469387270e+01
8.337981632653060160e+01
8.335977551020408782e+01
8.333973469387755983e+01
8.335977551020408782e+01
8.334975510204083093e+01
8.333973469387755983e+01
8.328963265306123276e+01
8.326959183673469056e+01
8.330967346938776075e+01
8.334975510204083093e+01
8.332971428571428874e+01
8.332971428571428874e+01
8.336979591836735892e+01
8.346999999999999886e+01
8.352010204081632594e+01
8.360026530612245210e+01
8.371048979591837735e+01
8.366038775510203607e+01
8.344995918367347087e+01
8.340987755102040069e+01
8.340987755102040069e+01
8.338983673469387270e+01
8.337981632653060160e+01
8.344995918367347087e+01
8.339985714285714380e+01
8.337981632653060160e+01
8.337981632653060160e+01
8.335977551020408782e+01
8.340987755102040069e+01
8.340987755102040069e+01
8.346999999999999886e+01
8.344995918367347087e+01
8.342991836734694289e+01
8.346999999999999886e+01
8.349004081632652685e+01
8.351008163265306905e+01
8.355016326530612503e+01
8.358022448979590990e+01
8.353012244897959704e+01
8.342991836734694289e+01
8.339985714285714380e+01
8.341989795918367179e+01
8.343993877551019978e+01
8.340987755102040069e+01
8.339985714285714380e+01
8.339985714285714380e+01
8.337981632653060160e+01
8.341989795918367179e+01
8.338983673469387270e+01
8.340987755102040069e+01
8.339985714285714380e+01
8.337981632653060160e+01
8.344995918367347087e+01
8.340987755102040069e+01
8.337981632653060160e+01
8.337981632653060160e+01
8.336979591836735892e+01
8.335977551020408782e+01
8.335977551020408782e+01
8.337981632653060160e+01
8.321948979591836348e+01
8.325957142857143367e+01
8.326959183673469056e+01
8.331969387755103185e+01
8.329965306122448965e+01
8.329965306122448965e+01
8.330967346938776075e+01
8.338983673469387270e+01
8.338983673469387270e+01
8.339985714285714380e+01
8.341989795918367179e+01
8.341989795918367179e+01
8.343993877551019978e+01
8.348002040816326996e+01
8.345997959183674197e+01
8.349004081632652685e+01
8.350006122448979795e+01
8.345997959183674197e+01
8.345997959183674197e+01
8.343993877551019978e+01
8.344995918367347087e+01
8.344995918367347087e+01
8.351008163265306905e+01
8.336979591836735892e+01
8.335977551020408782e+01
8.337981632653060160e+01
8.333973469387755983e+01
8.330967346938776075e+01
8.325957142857143367e+01
8.327961224489796166e+01
8.326959183673469056e+01
8.321948979591836348e+01
8.322951020408163458e+01
8.323953061224489147e+01
8.318942857142856440e+01
8.316938775510203641e+01
8.319944897959183550e+01
8.319944897959183550e+01
8.318942857142856440e+01
8.319944897959183550e+01
8.323953061224489147e+01
8.325957142857143367e+01
8.312930612244898043e+01
8.311928571428572354e+01
8.310926530612245244e+01
8.303912244897959738e+01
8.304914285714285427e+01
8.305916326530612537e+01
8.306918367346939647e+01
8.303912244897959738e+01
8.312930612244898043e+01
8.314934693877552263e+01
8.315936734693877952e+01
8.313932653061225153e+01
8.313932653061225153e+01
8.309924489795919555e+01
8.315936734693877952e+01
8.310926530612245244e+01
8.319944897959183550e+01
8.318942857142856440e+01
8.325957142857143367e+01
8.330967346938776075e+01
8.327961224489796166e+01
8.329965306122448965e+01
8.323953061224489147e+01
8.312930612244898043e+01
8.309924489795919555e+01
8.308922448979592446e+01
8.304914285714285427e+01
8.303912244897959738e+01
8.304914285714285427e+01
8.302910204081632628e+01
8.308922448979592446e+01
8.311928571428572354e+01
8.313932653061225153e+01
8.325957142857143367e+01
8.328963265306123276e+01
8.328963265306123276e+01
8.334975510204083093e+01
8.334975510204083093e+01
8.336979591836735892e+01
8.331969387755103185e+01
8.331969387755103185e+01
8.332971428571428874e+01
8.340987755102040069e+01
8.338983673469387270e+01
8.322951020408163458e+01
8.323953061224489147e+01
8.338983673469387270e+01
8.335977551020408782e+01
8.342991836734694289e+01
8.339985714285714380e+01
8.334975510204083093e+01
8.339985714285714380e+01
8.343993877551019978e+01
8.349004081632652685e+01
8.344995918367347087e+01
8.351008163265306905e+01
8.352010204081632594e+01
8.350006122448979795e+01
8.357020408163266723e+01
8.365036734693877918e+01
8.363032653061223698e+01
8.368042857142857827e+01
8.374055102040816223e+01
8.380067346938774620e+01
8.381069387755101729e+01
8.384075510204081638e+01
8.382071428571428839e+01
8.370046938775510625e+01
8.368042857142857827e+01
8.378063265306123242e+01
8.378063265306123242e+01
8.380067346938774620e+01
8.382071428571428839e+01
8.377061224489796132e+01
8.379065306122448931e+01
8.375057142857143333e+01
8.375057142857143333e+01
8.375057142857143333e+01
8.382071428571428839e+01
8.380067346938774620e+01
8.377061224489796132e+01
8.380067346938774620e+01
8.382071428571428839e+01
8.396100000000001273e+01
8.381069387755101729e+01
8.376059183673470443e+01
8.374055102040816223e+01
8.380067346938774620e+01
8.384075510204081638e+01
8.390087755102041456e+01
8.385077551020408748e+01
8.385077551020408748e+01
8.379065306122448931e+01
8.388083673469387236e+01
8.387081632653061547e+01
8.389085714285714346e+01
8.390087755102041456e+01
8.388083673469387236e+01
8.389085714285714346e+01
8.390087755102041456e+01
8.394095918367347053e+01
8.393093877551021365e+01
8.392091836734694255e+01
8.373053061224490534e+01
8.371048979591837735e+01
8.371048979591837735e+01
8.374055102040816223e+01
8.382071428571428839e+01
8.388083673469387236e+01
8.389085714285714346e+01
8.388083673469387236e+01
8.390087755102041456e+01
8.392091836734694255e+01
8.396100000000001273e+01
8.395097959183674163e+01
8.393093877551021365e+01
8.395097959183674163e+01
8.408124489795918066e+01
8.412132653061225085e+01
8.423155102040816189e+01
8.425159183673468988e+01
8.434177551020408714e+01
8.434177551020408714e+01
8.427163265306121787e+01
8.408124489795918066e+01
8.406120408163265267e+01
8.405118367346938157e+01
8.407122448979592377e+01
8.404116326530612469e+01
8.405118367346938157e+01
8.406120408163265267e+01
8.408124489795918066e+01
8.407122448979592377e+01
8.401110204081632560e+01
8.400108163265305450e+01
8.401110204081632560e+01
8.401110204081632560e+01
8.407122448979592377e+01
8.407122448979592377e+01
8.409126530612245176e+01
8.416140816326530683e+01
8.418144897959184902e+01
8.424157142857141878e+01
8.422153061224489079e+01
8.423155102040816189e+01
8.410128571428572286e+01
8.405118367346938157e+01
8.404116326530612469e+01
8.410128571428572286e+01
8.412132653061225085e+01
8.415138775510204994e+01
8.419146938775510591e+01
8.420148979591837701e+01
8.428165306122448897e+01
8.429167346938776006e+01
8.438185714285714312e+01
8.431171428571428805e+01
8.435179591836735824e+01
8.431171428571428805e+01
8.426161224489796098e+01
8.429167346938776006e+01
8.434177551020408714e+01
8.441191836734694220e+01
8.443195918367347019e+01
8.452214285714285325e+01
8.450210204081632526e+01
8.463236734693876429e+01
8.464238775510203538e+01
8.461232653061225051e+01
8.477265306122448862e+01
8.471253061224490466e+01
8.479269387755103082e+01
8.469248979591836246e+01
8.462234693877552161e+01
8.468246938775510557e+01
8.474259183673468954e+01
8.474259183673468954e+01
8.477265306122448862e+01
8.482275510204082991e+01
8.471253061224490466e+01
8.498308163265306803e+01
8.488287755102039966e+01
8.493297959183674095e+01
8.497306122448979693e+01
8.494299999999999784e+01
8.493297959183674095e+01
8.494299999999999784e+01
8.479770408163265927e+01
8.476263265306123174e+01
8.480271428571428771e+01
8.468246938775510557e+01
8.466242857142856337e+01
8.463236734693876429e+01
8.467244897959183447e+01
8.471253061224490466e+01
8.467244897959183447e+01
8.471253061224490466e+01
8.467244897959183447e+01
8.469248979591836246e+01
8.475261224489796064e+01
8.479269387755103082e+01
8.480271428571428771e+01
8.477265306122448862e+01
8.478267346938775972e+01
8.476263265306123174e+01
8.473257142857143265e+01
8.474259183673468954e+01
8.476263265306123174e+01
8.479269387755103082e+01
8.463236734693876429e+01
8.482275510204082991e+01
8.500312244897959602e+01
8.503318367346939510e+01
8.517346938775510523e+01
8.504320408163266620e+01
8.504320408163266620e+01
8.506324489795917998e+01
8.507326530612245108e+01
8.506324489795917998e+01
8.513338775510203504e+01
8.522357142857143231e+01
8.518348979591837633e+01
8.522357142857143231e+01
8.518348979591837633e+01
8.513338775510203504e+01
8.514340816326530614e+01
8.523860204081633185e+01
8.518348979591837633e+01
8.526365306122448828e+01
8.525363265306123139e+01
8.522357142857143231e+01
8.512336734693877816e+01
8.517346938775510523e+01
8.513338775510203504e+01
8.507326530612245108e+01
8.500312244897959602e+01
8.496304081632654004e+01
8.483277551020408680e+01
8.488287755102039966e+01
8.474259183673468954e+01
8.472255102040816155e+01
8.473257142857143265e+01
8.483277551020408680e+01
8.481273469387755881e+01
8.478267346938775972e+01
8.489289795918367076e+01
8.489289795918367076e+01
8.496304081632654004e+01
8.492295918367346985e+01
8.491293877551019875e+01
8.494299999999999784e+01
8.479269387755103082e+01
8.501314285714286711e+01
8.510332653061225017e+01
8.518348979591837633e+01
8.516344897959183413e+01
8.518348979591837633e+01
8.517346938775510523e+01
8.513338775510203504e+01
8.496304081632654004e+01
8.495302040816326894e+01
8.498308163265306803e+01
8.497306122448979693e+01
8.497306122448979693e+01
8.499310204081632492e+01
8.499310204081632492e+01
8.498308163265306803e+01
8.501314285714286711e+01
8.500312244897959602e+01
8.500312244897959602e+01
8.490291836734694186e+01
8.493297959183674095e+01
8.492295918367346985e+01
8.502316326530612400e+01
8.495302040816326894e+01
8.489289795918367076e+01
8.484279591836734369e+01
8.486283673469387168e+01
8.480271428571428771e+01
8.476263265306123174e+01
8.479269387755103082e+01
8.478267346938775972e+01
8.484780612244897213e+01
8.491293877551019875e+01
8.488287755102039966e+01
8.493297959183674095e+01
8.490291836734694186e+01
8.494299999999999784e+01
8.493297959183674095e+01
8.493297959183674095e+01
8.491293877551019875e+01
8.496304081632654004e+01
8.494299999999999784e+01
8.490291836734694186e+01
8.476263265306123174e+01
8.489289795918367076e+01
8.488287755102039966e+01
8.482275510204082991e+01
8.477265306122448862e+01
8.480772448979593037e+01
8.480271428571428771e+01
8.476263265306123174e+01
8.484279591836734369e+01
8.481273469387755881e+01
8.481273469387755881e+01
8.482275510204082991e+01
8.480271428571428771e+01
8.468246938775510557e+01
8.469248979591836246e+01
8.468246938775510557e+01
8.464238775510203538e+01
8.473257142857143265e+01
8.475261224489796064e+01
8.477265306122448862e+01
8.481273469387755881e+01
8.484279591836734369e+01
8.489289795918367076e+01
8.490291836734694186e+01
8.489289795918367076e+01
8.489289795918367076e+01
8.481774489795918726e+01
8.486283673469387168e+01
8.487285714285714278e+01
8.486283673469387168e+01
8.490291836734694186e+01
8.490291836734694186e+01
8.490291836734694186e+01
8.495302040816326894e+01
8.496304081632654004e+01
8.501314285714286711e+01
8.502316326530612400e+01
8.514340816326530614e+01
8.513338775510203504e+01
8.512336734693877816e+01
8.520353061224490432e+01
8.522357142857143231e+01
8.513338775510203504e+01
8.505322448979590888e+01
8.499310204081632492e+01
8.498308163265306803e+01
8.504320408163266620e+01
8.510332653061225017e+01
8.506324489795917998e+01
8.502316326530612400e+01
8.504320408163266620e+01
8.507326530612245108e+01
8.510332653061225017e+01
8.508328571428570797e+01
8.510332653061225017e+01
8.516845918367347679e+01
8.534381632653061445e+01
8.536385714285714243e+01
8.541395918367346951e+01
8.561436734693877781e+01
8.582479591836735722e+01
8.589493877551019807e+01
8.580475510204081502e+01
8.614544897959183345e+01
8.628573469387755779e+01
8.648614285714286609e+01
8.671661224489797348e+01
8.647612244897959499e+01
8.647612244897959499e+01
8.647612244897959499e+01
8.622561224489795961e+01
8.675669387755101525e+01
8.666651020408163220e+01
8.639595918367346883e+01
8.639595918367346883e+01
8.655628571428570694e+01
8.688695918367346849e+01
8.667152040816327485e+01
8.666651020408163220e+01
8.676671428571428635e+01
8.687693877551021160e+01
8.690700000000001069e+01
8.689697959183673959e+01
8.679677551020408544e+01
8.681681632653061342e+01
8.678174489795918589e+01
8.675669387755101525e+01
8.668655102040817440e+01
8.671661224489797348e+01
8.676671428571428635e+01
8.680679591836734232e+01
8.679677551020408544e+01
8.685689795918368361e+01
8.685689795918368361e+01
8.683685714285714141e+01
8.684687755102041251e+01
8.685188775510204096e+01
8.683685714285714141e+01
8.681180612244898498e+01
8.681681632653061342e+01
8.680679591836734232e+01
8.684687755102041251e+01
8.685689795918368361e+01
8.683685714285714141e+01
8.679677551020408544e+01
8.676170408163264369e+01
8.678174489795918589e+01
8.677673469387754324e+01
8.679677551020408544e+01
8.686691836734694050e+01
8.684687755102041251e+01
8.679677551020408544e+01
8.683685714285714141e+01
8.683685714285714141e+01
8.686691836734694050e+01
8.684687755102041251e+01
8.679677551020408544e+01
8.680679591836734232e+01
8.682683673469388452e+01
8.683425183673469405e+01
8.680679591836734232e+01
8.680679591836734232e+01
8.680679591836734232e+01
8.681681632653061342e+01
8.676170408163264369e+01
8.675669387755101525e+01
8.673665306122448726e+01
8.669657142857143128e+01
8.666651020408163220e+01
8.665648979591837531e+01
8.666651020408163220e+01
8.671661224489797348e+01
8.674667346938774415e+01
8.671661224489797348e+01
8.672663265306123037e+01
8.670659183673470238e+01
8.670659183673470238e+01
8.673665306122448726e+01
8.672663265306123037e+01
8.673665306122448726e+01
8.672663265306123037e+01
8.672663265306123037e+01
8.673665306122448726e+01
8.674667346938774415e+01
8.677322755102041185e+01
8.680679591836734232e+01
8.673665306122448726e+01
8.671661224489797348e+01
8.671661224489797348e+01
8.671160204081633083e+01
8.672663265306123037e+01
