1.401855102040816519e+02
1.403458367346938758e+02
1.406965510204081511e+02
1.396243673469387829e+02
1.392636326530612223e+02
1.389129183673469470e+02
1.394840816326530444e+02
1.389229387755102039e+02
1.399350000000000023e+02
1.405562653061224694e+02
1.403859183673469317e+02
1.395442040816326426e+02
1.400151632653061142e+02
1.396644489795918389e+02
1.404560612244897868e+02
1.399450204081632592e+02
1.389028979591836901e+02
1.392435918367347085e+02
1.389930816326530589e+02
1.406564693877551235e+02
1.391433877551020544e+02
1.363476938775510234e+02
1.355961632653061315e+02
1.361472857142857151e+02
1.343235714285714550e+02
1.338826734693877825e+02
1.348546530612244965e+02
1.347945306122448983e+02
1.354258163265306223e+02
1.348746938775510102e+02
1.369489183673469199e+02
1.373096530612244806e+02
1.373497346938775365e+02
1.388728367346938910e+02
1.387826530612244937e+02
1.378407346938775504e+02
1.388327551020408350e+02
1.379609795918367467e+02
1.368988163265306071e+02
1.352955510204081691e+02
1.342434081632653147e+02
1.342033265306122587e+02
1.331211224489795768e+02
1.331311428571428621e+02
1.329407551020408107e+02
1.339127346938775531e+02
1.325399387755102225e+02
1.323695918367346849e+02
1.321291020408163490e+02
1.326401428571428767e+02
1.339127346938775531e+02
1.337924897959183852e+02
1.336822653061224457e+02
1.328004693877551006e+02
1.327303265306122455e+02
1.313374897959183727e+02
1.306561020408163074e+02
1.311571224489795782e+02
1.304256326530612284e+02
1.315679591836734801e+02
1.310168367346938680e+02
1.315378979591836810e+02
1.310168367346938680e+02
1.312873877551020598e+02
1.274796326530612305e+02
1.242229999999999990e+02
1.232109387755102006e+02
1.215275102040816364e+02
1.224694285714285797e+02
1.225495918367346917e+02
1.221988775510204164e+02
1.218782244897959117e+02
1.214573673469387671e+02
1.219082857142857108e+02
1.202348775510204035e+02
1.214373265306122391e+02
1.216577755102040754e+02
1.216878367346938745e+02
1.202148367346938755e+02
1.187518571428571477e+02
1.194132040816326565e+02
1.191727142857142923e+02
1.199442857142857264e+02
1.200645306122448943e+02
1.193931632653061286e+02
1.188821224489796009e+02
1.175093265306122419e+02
1.186416326530612366e+02
1.193230204081632735e+02
1.177999183673469474e+02
1.178500204081632745e+02
1.182207755102040920e+02
1.178700612244897883e+02
1.181606530612244939e+02
1.177698571428571483e+02
1.184813061224489843e+02
1.176596326530612231e+02
1.181005306122448957e+02
1.190424489795918390e+02
1.190224081632653110e+02
1.186516530612244935e+02
1.200044081632653103e+02
1.206958163265306183e+02
1.213772040816326552e+02
1.221287346938775471e+02
1.217980612244897998e+02
1.221888571428571453e+02
1.230506122448979625e+02
1.215776122448979635e+02
1.230606326530612336e+02
1.220185102040816361e+02
1.207358979591836743e+02
1.200845714285714365e+02
1.205855918367347073e+02
1.210164693877550945e+02
1.195234285714285818e+02
1.191526734693877501e+02
1.196436734693877639e+02
1.196837551020408199e+02
1.195735306122448947e+02
1.193430612244897873e+02
1.201747551020408196e+02
1.196837551020408199e+02
1.200044081632653103e+02
1.200244489795918383e+02
1.216677959183673465e+02
1.216577755102040754e+02
1.203551224489795999e+02
1.204954081632653100e+02
1.204853877551020389e+02
1.190023673469387830e+02
1.194633061224489836e+02
1.208561428571428564e+02
1.199242448979591984e+02
1.210465306122448936e+02
1.208160612244897862e+02
1.215976530612244915e+02
1.220585918367346920e+02
1.217479591836734727e+02
1.196837551020408199e+02
1.192528775510204184e+02
1.194733265306122547e+02
1.193631020408163295e+02
1.187217959183673486e+02
1.175494081632653121e+02
1.175794693877551111e+02
1.173790612244898028e+02
1.170684285714285693e+02
1.170083061224489853e+02
1.177999183673469474e+02
1.182307959183673489e+02
1.183510408163265311e+02
1.187919387755102036e+02
1.192929591836734744e+02
1.209663673469387817e+02
1.210765918367346927e+02
1.207759795918367445e+02
1.220786326530612200e+02
1.220385510204081783e+02
1.211868163265306180e+02
1.213170816326530570e+02
1.205254693877551091e+02
1.206958163265306183e+02
1.216176938775510337e+02
1.208060408163265294e+02
1.214874285714285662e+02
1.220886530612244911e+02
1.213872244897959263e+02
1.220485714285714351e+02
1.227600204081632711e+02
1.237019387755102144e+02
1.237119591836734713e+02
1.241127755102040879e+02
1.243532653061224522e+02
1.239825102040816347e+02
1.240726938775510177e+02
1.228001020408163271e+02
1.224594081632653086e+02
1.217680000000000007e+02
1.219984693877551081e+02
1.218481632653061126e+02
1.219383469387755099e+02
1.212168775510204171e+02
1.224694285714285797e+02
1.212569591836734730e+02
1.216277142857142906e+02
1.213571632653061272e+02
1.206256734693877490e+02
1.211567551020408189e+02
1.202448979591836746e+02
1.212569591836734730e+02
1.213070612244898001e+02
1.213571632653061272e+02
1.228802653061224532e+02
1.240025510204081627e+02
1.236117551020408172e+02
1.236618571428571443e+02
1.237620612244897984e+02
1.230506122448979625e+02
1.232710612244897987e+02
1.238021428571428544e+02
1.242831224489795972e+02
1.243031632653061251e+02
1.239524489795918356e+02
1.254755510204081617e+02
1.251548979591836854e+02
1.259465102040816333e+02
1.254955918367346897e+02
1.251348571428571432e+02
1.243332244897959242e+02
1.244634897959183633e+02
1.242630816326530692e+02
1.261769795918367407e+02
1.263473265306122499e+02
1.263373061224489788e+02
1.265777959183673431e+02
1.270487551020408290e+02
1.273694081632653052e+02
1.279706326530612159e+02
1.277301428571428659e+02
1.285317755102040849e+02
1.276900612244898099e+02
1.269285102040816327e+02
1.252651224489795965e+02
1.254454897959183626e+02
1.252551020408163254e+02
1.244534693877551064e+02
1.237720816326530553e+02
1.230906938775510326e+02
1.231207551020408175e+02
1.231107346938775464e+02
1.241428367346938870e+02
1.238522448979591815e+02
1.243532653061224522e+02
1.235816938775510181e+02
1.246839387755102138e+02
1.250346530612244891e+02
1.257461020408163250e+02
1.259865918367347035e+02
1.257060204081632691e+02
1.243933469387755082e+02
1.235215714285714341e+02
1.233612448979591818e+02
1.235215714285714341e+02
1.237119591836734713e+02
1.234313877551020511e+02
1.250246326530612180e+02
1.255456938775510309e+02
1.254054081632653208e+02
1.250947755102040873e+02
1.251248367346938863e+02
1.261819897959183692e+02
1.258763673469387783e+02
1.260266734693877595e+02
1.262471224489795958e+02
1.249845510204081762e+02
1.250847551020408162e+02
1.259565306122449044e+02
1.272391428571428662e+02
1.270287142857142868e+02
1.270487551020408290e+02
1.272992653061224644e+02
1.271389387755101978e+02
1.272792244897959222e+02
1.271790204081632680e+02
1.287221632653061363e+02
1.277201224489795948e+02
1.279004897959183751e+02
1.275698163265306135e+02
1.279505918367346879e+02
1.289826938775510143e+02
1.285918979591836830e+02
1.293734897959183741e+02
1.281309591836734683e+02
1.273042755102040928e+02
1.271689999999999969e+02
1.266278979591836844e+02
1.272591836734693942e+02
1.267581632653061234e+02
1.265377142857142871e+02
1.262270816326530678e+02
1.264174693877551050e+02
1.267581632653061234e+02
1.265777959183673431e+02
1.270287142857142868e+02
1.251248367346938863e+02
1.244634897959183633e+02
1.250146122448979611e+02
1.250647142857142882e+02
1.241728979591836719e+02
1.247841428571428679e+02
1.245236122448979614e+02
1.235416122448979621e+02
1.240326122448979618e+02
1.243933469387755082e+02
1.248242244897959097e+02
1.248041836734693817e+02
1.258362857142857223e+02
1.257861836734693952e+02
1.256458979591836709e+02
1.253052040816326524e+02
1.259966122448979604e+02
1.242530612244897981e+02
1.244133877551020362e+02
1.236217755102040883e+02
1.227800612244897991e+02
1.233111428571428689e+02
1.231908979591836726e+02
1.241127755102040879e+02
1.247841428571428679e+02
1.246037755102040734e+02
1.252551020408163254e+02
1.257260612244897970e+02
1.261870000000000118e+02
1.264876122448979601e+02
1.268483469387755207e+02
1.261268775510204136e+02
1.249645102040816340e+02
1.250546938775510171e+02
1.250246326530612180e+02
1.263172653061224509e+02
1.262671632653061238e+02
1.263272857142857077e+02
1.261669591836734696e+02
1.273493673469387772e+02
1.268784081632653198e+02
1.271890408163265391e+02
1.271188979591836699e+02
1.270287142857142868e+02
1.258162448979591943e+02
1.255657346938775589e+02
1.261268775510204136e+02
1.261769795918367407e+02
1.267281020408163243e+02
1.281309591836734683e+02
1.281910816326530664e+02
1.268483469387755207e+02
1.271188979591836699e+02
1.264274897959183761e+02
1.270687959183673570e+02
1.273092857142857213e+02
1.280708367346938701e+02
1.282311632653061224e+02
1.265777959183673431e+02
1.245636938775510316e+02
1.242831224489795972e+02
1.249544897959183771e+02
1.252350612244897974e+02
1.259665510204081613e+02
1.267882244897959225e+02
1.267581632653061234e+02
1.267481428571428523e+02
1.262571428571428669e+02
1.259064285714285774e+02
1.261268775510204136e+02
1.262471224489795958e+02
1.250647142857142882e+02
1.230606326530612336e+02
1.237620612244897984e+02
1.243532653061224522e+02
1.254254489795918346e+02
1.253352653061224515e+02
1.241829183673469430e+02
1.236518367346938874e+02
1.237019387755102144e+02
1.240626734693877609e+02
1.231007142857142895e+02
1.234113469387755089e+02
1.241328163265306159e+02
1.232209591836734717e+02
1.225295510204081637e+02
1.231207551020408175e+02
1.227299591836734720e+02
1.203952040816326559e+02
1.194132040816326565e+02
1.206657551020408192e+02
1.203751632653061279e+02
1.182508367346938911e+02
1.183510408163265311e+02
1.188019591836734747e+02
1.188520612244898018e+02
1.187017551020408064e+02
1.184312040816326572e+02
1.192829387755102175e+02
1.185213877551020403e+02
1.184813061224489843e+02
1.174792653061224428e+02
1.181205714285714237e+02
1.189222040816326569e+02
1.187618775510204046e+02
1.187117755102040775e+02
1.186716938775510357e+02
1.190925510204081661e+02
1.189923469387755119e+02
1.186015510204081664e+02
1.188119795918367316e+02
1.185514489795918394e+02
1.182307959183673489e+02
1.185514489795918394e+02
1.192228163265306193e+02
1.196436734693877639e+02
1.204152448979591838e+02
1.200444897959183663e+02
1.194532857142857125e+02
1.191526734693877501e+02
1.189021632653061289e+02
1.205555306122449082e+02
1.199242448979591984e+02
1.202448979591836746e+02
1.200745510204081654e+02
1.216978571428571456e+02
1.217880408163265429e+02
1.215976530612244915e+02
1.216076734693877626e+02
1.215976530612244915e+02
1.203451020408163288e+02
1.209062448979591835e+02
1.208862040816326555e+02
1.214473469387755102e+02
1.220986734693877480e+02
1.212870204081632721e+02
1.207659591836734734e+02
1.204753673469387820e+02
1.211667755102040900e+02
1.215375306122449075e+02
1.196637142857142919e+02
1.191326326530612221e+02
1.185714897959183673e+02
1.184512448979591852e+02
1.176496122448979520e+02
1.179702653061224566e+02
1.187117755102040775e+02
1.193230204081632735e+02
1.190123877551020399e+02
1.188821224489796009e+02
1.190825306122449092e+02
1.194733265306122547e+02
1.192127959183673482e+02
1.187919387755102036e+02
1.183610612244898022e+02
1.187919387755102036e+02
1.195635102040816236e+02
1.190424489795918390e+02
1.177999183673469474e+02
1.176596326530612231e+02
1.168680204081632610e+02
1.167477755102040931e+02
1.173690408163265317e+02
1.175293673469387841e+02
1.179903061224489846e+02
1.189322244897959138e+02
1.198040000000000020e+02
1.210365102040816367e+02
1.212469387755102019e+02
1.218080816326530709e+02
1.204152448979591838e+02
1.203551224489795999e+02
1.202048163265306044e+02
1.193230204081632735e+02
1.189322244897959138e+02
1.198040000000000020e+02
1.193130000000000024e+02
1.191727142857142923e+02
1.196937755102040910e+02
1.200244489795918383e+02
1.210765918367346927e+02
1.207258775510204174e+02
1.212168775510204171e+02
1.210164693877550945e+02
1.206056326530612210e+02
1.203350816326530719e+02
1.209062448979591835e+02
1.210164693877550945e+02
1.219984693877551081e+02
1.223792448979591825e+02
1.224193265306122527e+02
1.219884489795918370e+02
1.217780204081632718e+02
1.223091020408163274e+02
1.230005102040816354e+02
1.223191224489795843e+02
1.221187142857142902e+02
1.226998979591836729e+02
1.224193265306122527e+02
1.228602244897959253e+02
1.224594081632653086e+02
1.225395714285714348e+02
1.222690204081632572e+02
1.220485714285714351e+02
1.218281224489795989e+02
1.206256734693877490e+02
1.195234285714285818e+02
1.202649387755102026e+02
1.199543061224489833e+02
1.200945918367346934e+02
1.192328367346938762e+02
1.200344693877551094e+02
1.185263979591836687e+02
1.188620816326530729e+02
1.190725102040816381e+02
1.197839591836734741e+02
1.192729183673469464e+02
1.189021632653061289e+02
1.194733265306122547e+02
1.206156530612244921e+02
1.204954081632653100e+02
1.207860000000000156e+02
1.209062448979591835e+02
1.210565510204081647e+02
1.213371224489795992e+02
1.218882448979591828e+02
1.216176938775510337e+02
1.222489795918367435e+02
1.222489795918367435e+02
1.218682040816326548e+02
1.220285306122449072e+02
1.212469387755102019e+02
1.211868163265306180e+02
1.215575714285714355e+02
1.221387551020408182e+02
1.202048163265306044e+02
1.200044081632653103e+02
1.200044081632653103e+02
1.195735306122448947e+02
1.194132040816326565e+02
1.193230204081632735e+02
1.192929591836734744e+02
1.195835510204081658e+02
1.186516530612244935e+02
1.184211836734694003e+02
1.183009387755102040e+02
1.173439897959183753e+02
1.168179183673469339e+02
1.171085102040816395e+02
1.169782448979591862e+02
1.167177142857142940e+02
1.171686326530612376e+02
1.174792653061224428e+02
1.180905102040816246e+02
1.168980816326530601e+02
1.169081020408163312e+02
1.165072857142857146e+02
1.143629183673469356e+02
1.136214081632653148e+02
1.132205918367346982e+02
1.133708979591836794e+02
1.133708979591836794e+02
1.142326530612244966e+02
1.146234489795918421e+02
1.148940000000000055e+02
1.146234489795918421e+02
1.148940000000000055e+02
1.138518775510204222e+02
1.140823469387755011e+02
1.141825510204081695e+02
1.149942040816326596e+02
1.145933877551020430e+02
1.147737551020408233e+02
1.151645510204081688e+02
1.150743673469387858e+02
1.144931836734693889e+02
1.139721224489795901e+02
1.130803061224489738e+02
1.134009591836734785e+02
1.127095510204081705e+02
1.128297959183673385e+02
1.134210000000000065e+02
1.131905306122448991e+02
1.129801020408163339e+02
1.141825510204081695e+02
1.139420612244897910e+02
1.137115918367346978e+02
1.146735510204081692e+02
1.144330612244898049e+02
1.146434897959183701e+02
1.154751836734693882e+02
1.151244693877550986e+02
1.159060612244898039e+02
1.150944081632653138e+02
1.150443061224489867e+02
1.150843877551020427e+02
1.151545306122448977e+02
1.155453265306122432e+02
1.149140408163265334e+02
1.170483877551020413e+02
1.187819183673469468e+02
1.180504285714285828e+02
1.191125918367347083e+02
1.192127959183673482e+02
1.188220000000000027e+02
1.187017551020408064e+02
1.187919387755102036e+02
1.188320204081632738e+02
1.193130000000000024e+02
1.203551224489795999e+02
1.222590000000000146e+02
1.213872244897959263e+02
1.213772040816326552e+02
1.212369183673469308e+02
1.215074693877551084e+02
1.206457142857142912e+02
1.208962244897959266e+02
1.219082857142857108e+02
1.225395714285714348e+02
1.225896734693877619e+02
1.228702448979591964e+02
1.219383469387755099e+02
1.215074693877551084e+02
1.215275102040816364e+02
1.210765918367346927e+02
1.211467346938775620e+02
1.208060408163265294e+02
1.198340612244898011e+02
1.204653469387755109e+02
1.200845714285714365e+02
1.205555306122449082e+02
1.201246530612244925e+02
1.211567551020408189e+02
1.208361020408163284e+02
1.207860000000000156e+02
1.207759795918367445e+02
1.210866122448979638e+02
1.217980612244897998e+02
1.217279183673469447e+02
1.206857959183673472e+02
1.209763877551020528e+02
1.216076734693877626e+02
1.217078775510204025e+02
1.225095102040816357e+02
1.221086938775510191e+02
1.219082857142857108e+02
1.213972448979591974e+02
1.223892653061224536e+02
1.218080816326530709e+02
1.226698367346938880e+02
1.221988775510204164e+02
1.213170816326530570e+02
1.217178979591836736e+02
1.214172857142857254e+02
1.219784285714285801e+02
1.213671836734693983e+02
1.208060408163265294e+02
1.195735306122448947e+02
1.195334489795918529e+02
1.195234285714285818e+02
1.201647346938775627e+02
1.208862040816326555e+02
1.213671836734693983e+02
1.216477551020408185e+02
1.215475510204081644e+02
1.219082857142857108e+02
1.219383469387755099e+02
1.219884489795918370e+02
1.218181020408163278e+02
1.213371224489795992e+02
1.219884489795918370e+02
1.232109387755102006e+02
1.244634897959183633e+02
1.250647142857142882e+02
1.249544897959183771e+02
1.256759591836734700e+02
1.265076530612244881e+02
1.259364897959183764e+02
1.255456938775510309e+02
1.247340408163265408e+02
1.238622653061224526e+02
1.238522448979591815e+02
1.238722857142857237e+02
1.240827142857142888e+02
1.244735102040816344e+02
1.245236122448979614e+02
1.241829183673469430e+02
1.231407959183673455e+02
1.230255612244898060e+02
1.227600204081632711e+02
1.223792448979591825e+02
1.230606326530612336e+02
1.227199387755102009e+02
1.228602244897959253e+02
1.233612448979591818e+02
1.237420204081632562e+02
1.242330204081632701e+02
1.234814897959183781e+02
1.232009183673469437e+02
1.239424285714285787e+02
1.239324081632653218e+02
1.239123673469387796e+02
1.245636938775510316e+02
1.247841428571428679e+02
1.254054081632653208e+02
1.253653265306122506e+02
1.251448775510204143e+02
1.256559183673469420e+02
1.257661428571428672e+02
1.264675714285714321e+02
1.260667551020408155e+02
1.265377142857142871e+02
1.263773877551020490e+02
1.258563265306122361e+02
1.260266734693877595e+02
1.271489591836734689e+02
1.278203265306122489e+02
1.285317755102040849e+02
1.299346326530612146e+02
1.295939387755102246e+02
1.311671428571428635e+02
1.321792040816326619e+02
1.316581428571428489e+02
1.307863673469387891e+02
1.312372857142857185e+02
1.320589591836734655e+02
1.309466938775510414e+02
1.306861632653061065e+02
1.306561020408163074e+02
1.310669387755102093e+02
1.313675510204081718e+02
1.316581428571428489e+02
1.330108979591836942e+02
1.321291020408163490e+02
1.331812448979591750e+02
1.327804285714285584e+02
1.324297142857142831e+02
1.330610000000000070e+02
1.329507755102040960e+02
1.325800204081632785e+02
1.328505714285714419e+02
1.328405510204081565e+02
1.328405510204081565e+02
1.337924897959183852e+02
1.328104897959183575e+02
1.333215306122449135e+02
1.329507755102040960e+02
1.326201020408163345e+02
1.315779795918367370e+02
1.301851428571428357e+02
1.307162244897959056e+02
1.304356530612244853e+02
1.313274693877551158e+02
1.317383061224489893e+02
1.318585510204081572e+02
1.327403469387755024e+02
1.318685714285714141e+02
1.318685714285714141e+02
1.315178571428571388e+02
1.319687755102040683e+02
1.320890204081632646e+02
1.322693877551020307e+02
1.319687755102040683e+02
1.336622244897959035e+02
1.359368571428571499e+02
1.384219183673469331e+02
1.384820408163265313e+02
1.426906122448979772e+02
1.394239591836734462e+02
1.409570816326530576e+02
1.420092244897959119e+02
1.441034897959183638e+02
1.454562448979591807e+02
1.462478571428571286e+02
1.463580816326530680e+02
1.438629999999999995e+02
1.455764897959183770e+02
1.450153469387755081e+02
1.442938775510204152e+02
1.438128979591836867e+02
1.461676938775510166e+02
1.469292448979591938e+02
1.490836326530612155e+02
1.475505102040816325e+02
1.469092040816326801e+02
1.473901836734694086e+02
1.468290408163265397e+02
1.459572653061224514e+02
1.455564489795918348e+02
1.441235306122449060e+02
1.431315102040816498e+02
1.406865306122448942e+02
1.417887755102040899e+02
1.385622040816326717e+02
1.381613877551020266e+02
1.386423673469387836e+02
1.402155714285714510e+02
1.410472653061224548e+02
1.410572857142857401e+02
1.425302857142857249e+02
1.427106530612244910e+02
1.435523673469387802e+02
1.425603469387755240e+02
1.426104489795918369e+02
1.421695510204081643e+02
1.415482857142856972e+02
1.437527755102040885e+02
1.442738367346938730e+02
1.456466326530612321e+02
1.454562448979591807e+02
1.461175918367347037e+02
1.448951020408163117e+02
1.434120816326530701e+02
1.412677142857142769e+02
1.417687346938775477e+02
1.409570816326530576e+02
1.399249795918367170e+02
1.398047346938775775e+02
1.400953265306122546e+02
1.388527959183673488e+02
1.396644489795918389e+02
1.403157755102040767e+02
1.399650612244898014e+02
1.398147551020408343e+02
1.378607755102040926e+02
1.379008571428571486e+02
1.380511632653061440e+02
1.407666938775510062e+02
1.410172040816326557e+02
1.392536122448979654e+02
1.375000408163265320e+02
1.383016734693877652e+02
1.366282653061224437e+02
1.354258163265306223e+02
1.356562857142857013e+02
1.355560816326530755e+02
1.370892040816326585e+02
1.380812244897959431e+02
1.377605714285714100e+02
1.384920612244898166e+02
1.386523877551020405e+02
1.401955306122449088e+02
1.399249795918367170e+02
1.403859183673469317e+02
1.405863265306122685e+02
1.412877551020408191e+02
1.408869387755102025e+02
1.409069795918367447e+02
1.384219183673469331e+02
1.403257959183673336e+02
1.406264081632653244e+02
1.389429795918367461e+02
1.383116938775510221e+02
1.392736530612245076e+02
1.394640408163265306e+02
1.395842857142857270e+02
1.394740612244897875e+02
1.384018775510204193e+02
1.386824489795918396e+02
1.384920612244898166e+02
1.375802040816326723e+02
1.362775510204081684e+02
1.364078163265306216e+02
1.370892040816326585e+02
1.361973877551020280e+02
1.371894081632653126e+02
1.377204897959183825e+02
1.361673265306122289e+02
1.364879795918367336e+02
1.370691632653061163e+02
1.385521836734694148e+02
1.399750816326530583e+02
1.385020816326530735e+02
1.382114897959183679e+02
1.362775510204081684e+02
1.379509591836734614e+02
1.381613877551020266e+02
1.384620000000000175e+02
1.398047346938775775e+02
1.395442040816326426e+02
1.378607755102040926e+02
1.390932857142857131e+02
1.400051428571428573e+02
1.411324387755101952e+02
1.417086122448979495e+02
1.442437755102040740e+02
1.442187244897959317e+02
1.437327346938775463e+02
1.451957142857143026e+02
1.454662653061224376e+02
1.452408061224489870e+02
1.442838571428571584e+02
1.425904081632653231e+02
1.424701632653061267e+02
1.445143265306122373e+02
1.453961224489795825e+02
1.448850816326530548e+02
1.436625918367346912e+02
1.437327346938775463e+02
1.450554285714285641e+02
1.456366122448979752e+02
1.454161632653061247e+02
1.463781224489796102e+02
1.481016326530612446e+02
1.511378163265306398e+02
1.505165510204081727e+02
1.502560204081632662e+02
1.530116326530612127e+02
1.547652040816326462e+02
1.556169387755102207e+02
1.541238979591836653e+02
1.567292040816326448e+02
1.574506734693877661e+02
1.676414285714285768e+02
1.794655102040816246e+02
1.699811938775510214e+02
1.657676122448979754e+02
1.638436938775510043e+02
1.553163265306122582e+02
1.607073061224489834e+02
1.638336734693877474e+02
1.531519183673469513e+02
1.472498979591836701e+02
1.536128571428571661e+02
1.578214285714285836e+02
1.615790816326530717e+02
1.639238571428571447e+02
1.643296836734693898e+02
1.658577959183673727e+02
1.686434693877551183e+02
1.660381632653061104e+02
1.688238367346938844e+02
1.691745510204081882e+02
1.688939795918367395e+02
1.673408163265306143e+02
1.652966530612245037e+02
1.654469591836734992e+02
1.646152653061224669e+02
1.650862244897959101e+02
1.641743673469387943e+02
1.671404081632653345e+02
1.696054285714285754e+02
1.701665714285714159e+02
1.687837551020408284e+02
1.722808775510204100e+02
1.703168775510204114e+02
1.702166734693877572e+02
1.699561428571428792e+02
1.700062448979591920e+02
1.688939795918367395e+02
1.698759795918367388e+02
1.690843673469387909e+02
1.678418367346938851e+02
1.679019591836734833e+02
1.659078979591836571e+02
1.635631224489795841e+02
1.638937959183673456e+02
1.648256938775510321e+02
1.639939999999999998e+02
1.634929795918367290e+02
1.654269183673469570e+02
1.676614693877550906e+02
1.686434693877551183e+02
1.652665918367347047e+02
1.628516734693877765e+02
1.635029999999999859e+02
1.651964489795918496e+02
1.650561632653061395e+02
1.640441020408163411e+02
1.631172142857142831e+02
1.622905306122449076e+02
1.630420612244897995e+02
1.624308163265306177e+02
1.619999387755102020e+02
1.605068979591836751e+02
1.592443265306122271e+02
1.549255306122449269e+02
1.553864693877550849e+02
1.593745918367347087e+02
1.595649795918367602e+02
1.635781530612244978e+02
1.627414489795918371e+02
1.642244693877550787e+02
1.597353265306122410e+02
1.605970816326530723e+02
1.623706938775510196e+02
1.613285714285714221e+02
1.635230408163265281e+02
1.618095510204081506e+02
1.618596530612244919e+02
1.645451224489796118e+02
1.645852040816326678e+02
1.651864285714285643e+02
1.655672040816326387e+02
1.631422653061224537e+02
1.630320408163265142e+02
1.626612857142857251e+02
1.637535102040816355e+02
1.646553469387754944e+02
