1.133785714285714441e+01
1.171087755102040795e+01
1.139675510204081554e+01
1.159308163265306213e+01
1.181885714285714251e+01
1.233912244897959276e+01
1.197591836734693871e+01
1.145565306122449023e+01
1.229985714285714238e+01
1.192683673469387706e+01
1.246673469387754984e+01
1.336983673469387668e+01
1.329130612244897947e+01
1.383120408163265225e+01
1.270232653061224504e+01
1.289865306122448985e+01
1.282993877551020390e+01
1.322259183673469529e+01
1.219187755102040782e+01
1.167161224489795934e+01
1.152436734693877618e+01
1.229004081632652934e+01
1.976026530612244869e+01
1.568648979591836756e+01
1.730618367346938768e+01
1.763993877551020262e+01
1.610859183673469275e+01
1.486191836734693972e+01
1.470485714285714351e+01
1.479320408163265377e+01
1.314406122448979630e+01
1.177959183673469390e+01
1.301644897959183567e+01
1.311461224489795896e+01
1.266306122448979643e+01
1.229985714285714238e+01
1.463614285714285757e+01
1.349744897959183731e+01
1.315387755102040934e+01
1.331093877551020377e+01
1.286920408163265250e+01
1.327167346938775516e+01
1.392936734693877554e+01
1.345818367346938871e+01
1.524475510204081630e+01
1.656995918367346832e+01
1.618712244897958996e+01
1.669757142857142895e+01
1.552942857142857136e+01
1.516622448979591731e+01
1.416495918367346896e+01
1.378212244897959060e+01
1.294773469387754972e+01
1.267287755102040769e+01
1.340910204081632706e+01
1.410606122448979605e+01
1.538218367346938820e+01
1.601042857142856946e+01
1.623620408163265338e+01
1.873936734693877426e+01
1.948540816326530845e+01
2.145848979591836780e+01
1.941669387755102250e+01
1.857248979591836857e+01
2.031979591836734755e+01
1.375267346938775503e+01
1.455761224489795858e+01
1.442018367346938668e+01
1.389991836734693820e+01
1.326185714285714212e+01
1.312442857142857022e+01
1.331093877551020377e+01
1.302626530612244871e+01
1.203481632653061162e+01
1.211334693877551061e+01
1.229004081632652934e+01
1.315387755102040934e+01
1.282993877551020390e+01
1.236857142857142833e+01
1.315387755102040934e+01
1.389991836734693820e+01
1.349744897959183731e+01
1.196610204081632567e+01
1.137712244897959124e+01
1.187775510204081542e+01
1.235875510204081706e+01
1.200536734693877605e+01
1.223114285714285820e+01
1.264342857142857213e+01
1.282993877551020390e+01
1.264342857142857213e+01
1.227040816326530681e+01
1.143602040816326593e+01
1.122987755102040808e+01
1.111208163265306226e+01
1.117097959183673517e+01
1.203481632653061162e+01
1.167161224489795934e+01
1.290846938775510289e+01
1.295755102040816276e+01
1.381157142857142972e+01
1.254526530612244883e+01
1.174032653061224529e+01
1.148510204081632580e+01
1.149491836734693884e+01
1.137712244897959124e+01
1.134767346938775567e+01
1.126914285714285846e+01
1.123969387755101934e+01
1.197591836734693871e+01
1.157344897959183605e+01
1.234893877551020402e+01
1.234893877551020402e+01
1.207408163265306200e+01
1.160289795918367339e+01
1.059181632653061200e+01
1.041512244897959150e+01
1.037585714285714289e+01
1.089612244897959137e+01
1.206426530612244896e+01
1.157344897959183605e+01
1.214279591836734618e+01
1.162253061224489770e+01
1.116116326530612213e+01
1.118079591836734821e+01
1.098446938775510162e+01
1.122987755102040808e+01
1.065071428571428491e+01
1.115134693877550909e+01
1.096483673469387732e+01
1.064089795918367365e+01
1.179922448979591820e+01
1.162253061224489770e+01
1.182867346938775555e+01
1.126914285714285846e+01
1.144583673469387719e+01
1.159308163265306213e+01
1.156363265306122301e+01
1.196610204081632567e+01
1.208389795918367327e+01
1.220169387755102086e+01
1.174032653061224529e+01
1.137712244897959124e+01
1.106299999999999883e+01
1.127895918367346972e+01
1.153418367346938744e+01
1.175014285714285833e+01
1.193665306122449010e+01
1.118079591836734821e+01
1.189738775510203972e+01
1.108263265306122314e+01
1.117097959183673517e+01
1.149491836734693884e+01
1.094520408163265301e+01
1.271214285714285630e+01
1.241765306122448997e+01
1.262379591836734605e+01
1.450853061224489693e+01
1.221151020408163212e+01
1.132804081632652959e+01
1.116116326530612213e+01
1.139675510204081554e+01
1.235875510204081706e+01
1.247655102040816466e+01
1.167161224489795934e+01
1.286920408163265250e+01
1.292810204081632719e+01
1.299681632653061314e+01
1.405697959183673440e+01
1.488155102040816402e+01
1.559814285714285731e+01
1.589263265306122541e+01
1.423367346938775491e+01
1.374285714285714377e+01
1.432202040816326516e+01
1.359561224489795883e+01
1.134767346938775567e+01
1.061144897959183808e+01
1.041512244897959150e+01
1.052310204081632783e+01
1.019916326530612238e+01
1.071942857142857086e+01
9.963571428571428967e+00
1.036604081632653163e+01
1.051328571428571479e+01
1.031695918367346998e+01
1.033659183673469251e+01
9.688714285714285168e+00
9.570918367346939348e+00
1.015008163265306074e+01
1.052310204081632783e+01
1.034640816326530555e+01
1.026787755102040833e+01
1.167161224489795934e+01
1.380175510204081668e+01
1.396863265306122415e+01
1.206426530612244896e+01
1.079795918367346985e+01
1.041512244897959150e+01
9.639632653061225298e+00
9.747612244897958078e+00
1.041512244897959150e+01
9.914489795918367321e+00
1.022861224489795973e+01
9.894857142857143018e+00
9.894857142857143018e+00
1.000283673469387757e+01
1.028751020408163264e+01
1.008136734693877479e+01
9.747612244897958078e+00
1.098446938775510162e+01
1.091575510204081567e+01
1.014026530612244947e+01
1.085685714285714276e+01
1.043475510204081758e+01
1.037585714285714289e+01
1.009118367346938783e+01
1.082740816326530542e+01
1.061144897959183808e+01
1.006173469387755048e+01
9.943938775510204664e+00
9.855591836734692635e+00
1.096483673469387732e+01
9.610183673469386179e+00
1.152436734693877618e+01
1.086667346938775580e+01
1.099428571428571288e+01
1.099428571428571288e+01
1.225077551020408251e+01
1.105318367346938757e+01
1.059181632653061200e+01
1.065071428571428491e+01
9.885040816326531754e+00
9.904673469387754281e+00
9.590551020408163652e+00
9.678897959183672128e+00
9.512020408163264662e+00
9.482571428571429095e+00
9.345142857142857196e+00
9.757428571428571118e+00
9.227346938775511376e+00
9.080102040816326436e+00
9.158632653061225426e+00
1.042493877551020276e+01
1.033659183673469251e+01
1.000283673469387757e+01
9.894857142857143018e+00
1.027769387755102137e+01
1.028751020408163264e+01
1.000283673469387757e+01
9.855591836734692635e+00
1.127895918367346972e+01
1.135748979591836694e+01
1.587300000000000111e+01
1.379193877551020542e+01
1.156363265306122301e+01
1.137712244897959124e+01
1.159308163265306213e+01
1.509751020408163313e+01
1.432202040816326516e+01
1.236857142857142833e+01
1.129859183673469403e+01
1.183848979591836859e+01
1.197591836734693871e+01
1.186793877551020415e+01
1.308516326530612339e+01
1.119061224489795947e+01
1.086667346938775580e+01
1.014026530612244947e+01
1.153418367346938744e+01
1.204463265306122466e+01
1.171087755102040795e+01
1.165197959183673326e+01
1.117097959183673517e+01
1.046420408163265314e+01
1.052310204081632783e+01
1.037585714285714289e+01
1.031695918367346998e+01
9.993020408163264534e+00
9.973387755102040231e+00
9.855591836734692635e+00
9.561102040816326308e+00
9.718163265306122511e+00
9.894857142857143018e+00
1.022861224489795973e+01
9.718163265306122511e+00
9.561102040816326308e+00
9.413857142857143145e+00
9.413857142857143145e+00
9.129183673469388083e+00
9.354959183673468459e+00
9.305877551020408589e+00
9.060469387755102133e+00
9.737795918367346815e+00
9.963571428571428967e+00
9.767244897959182381e+00
9.757428571428571118e+00
9.767244897959182381e+00
9.767244897959182381e+00
9.669081632653060865e+00
1.015008163265306074e+01
1.003228571428571492e+01
9.737795918367346815e+00
1.006173469387755048e+01
1.068997959183673530e+01
1.113171428571428478e+01
1.096483673469387732e+01
1.091575510204081567e+01
1.009118367346938783e+01
1.015008163265306074e+01
9.610183673469386179e+00
1.024824489795918403e+01
9.649448979591836562e+00
9.453122448979591752e+00
9.139000000000001123e+00
9.610183673469386179e+00
9.757428571428571118e+00
1.058199999999999896e+01
1.122006122448979504e+01
1.131822448979591833e+01
1.229004081632652934e+01
1.224095918367346947e+01
1.153418367346938744e+01
1.174032653061224529e+01
1.054273469387755213e+01
9.423673469387754409e+00
9.639632653061225298e+00
9.885040816326531754e+00
9.541469387755102005e+00
9.727979591836735551e+00
1.029732653061224568e+01
1.098446938775510162e+01
1.084704081632653150e+01
1.117097959183673517e+01
1.141638775510204162e+01
1.069979591836734656e+01
9.816326530612244028e+00
9.561102040816326308e+00
9.188081632653060993e+00
9.600367346938774915e+00
9.796693877551021501e+00
9.934122448979591624e+00
9.286244897959184286e+00
9.227346938775511376e+00
9.512020408163264662e+00
9.413857142857143145e+00
9.197897959183672256e+00
1.000283673469387757e+01
9.855591836734692635e+00
1.010099999999999909e+01
9.845775510204081371e+00
1.074887755102040821e+01
9.384408163265305802e+00
8.844510204081633020e+00
8.932857142857143273e+00
9.433489795918367449e+00
9.237163265306122639e+00
9.924306122448978584e+00
9.512020408163264662e+00
9.561102040816326308e+00
1.022861224489795973e+01
1.114153061224489782e+01
1.178940816326530516e+01
1.207408163265306200e+01
1.137712244897959124e+01
1.057218367346938770e+01
1.078814285714285681e+01
1.106299999999999883e+01
1.119061224489795947e+01
1.149491836734693884e+01
1.367414285714285604e+01
1.396863265306122415e+01
1.281030612244897959e+01
1.338946938775510276e+01
1.885716326530612363e+01
3.663453061224490170e+01
3.080363265306122500e+01
2.678875510204081678e+01
3.158893877551020424e+01
2.674948979591836817e+01
2.644518367346939058e+01
2.304873469387755236e+01
1.805222448979591832e+01
1.839579591836734451e+01
2.015291836734693831e+01
2.037869387755102224e+01
2.019218367346938692e+01
1.763012244897959135e+01
1.622638775510204212e+01
1.553924489795918440e+01
1.774791836734693717e+01
1.959338775510204300e+01
2.205728571428571172e+01
2.115418367346939021e+01
1.791479591836734642e+01
1.974063265306122261e+01
1.723746938775510174e+01
1.610859183673469275e+01
1.499934693877550984e+01
1.541163265306122376e+01
1.628528571428571325e+01
1.667793877551020287e+01
1.629510204081632807e+01
1.632455102040816186e+01
1.804240816326530350e+01
1.743379591836734832e+01
1.779700000000000060e+01
2.357881632653061033e+01
2.298002040816326641e+01
1.995659183673469173e+01
2.210636734693877514e+01
2.244993877551020489e+01
2.068299999999999983e+01
2.260700000000000287e+01
2.128179591836734730e+01
1.939706122448979642e+01
1.995659183673469173e+01
2.087932653061224286e+01
2.013328571428571578e+01
2.056520408163265401e+01
1.946577551020407881e+01
1.793442857142857250e+01
1.726691836734693908e+01
1.586318367346938807e+01
1.501897959183673592e+01
1.526438775510204238e+01
1.586318367346938807e+01
1.697242857142856920e+01
1.586318367346938807e+01
1.780681632653061186e+01
1.773810204081632591e+01
1.592208163265306098e+01
1.510732653061224617e+01
1.549016326530612098e+01
1.519567346938775643e+01
1.549016326530612098e+01
1.564722448979591718e+01
1.503861224489796022e+01
1.426312244897959047e+01
1.427293877551020351e+01
1.311461224489795896e+01
1.297718367346938884e+01
1.271214285714285630e+01
1.288883673469387858e+01
1.411587755102040909e+01
1.329130612244897947e+01
1.293791836734693845e+01
1.319314285714285617e+01
1.279067346938775529e+01
1.325204081632653086e+01
1.249618367346938896e+01
1.221151020408163212e+01
1.412569387755102035e+01
1.629510204081632807e+01
1.465577551020408187e+01
1.464595918367346883e+01
1.365451020408163352e+01
1.267287755102040769e+01
1.187775510204081542e+01
1.144583673469387719e+01
1.230967346938775364e+01
1.229004081632652934e+01
1.206426530612244896e+01
1.190720408163265454e+01
1.274159183673469364e+01
1.196610204081632567e+01
1.255508163265306010e+01
1.434165306122448946e+01
1.266306122448979643e+01
1.230967346938775364e+01
1.433183673469387642e+01
1.479320408163265377e+01
1.640308163265306263e+01
1.621657142857142730e+01
1.721783673469387566e+01
1.544108163265306111e+01
1.737489795918367363e+01
1.508769387755102009e+01
1.533310204081632655e+01
1.471467346938775478e+01
1.317351020408163187e+01
1.229004081632652934e+01
1.379193877551020542e+01
1.282993877551020390e+01
1.216242857142857225e+01
1.223114285714285820e+01
1.267287755102040769e+01
1.165197959183673326e+01
1.197591836734693871e+01
1.276122448979591795e+01
1.322259183673469529e+01
1.237838775510203959e+01
1.214279591836734618e+01
1.222132653061224339e+01
1.194646938775510137e+01
1.337965306122448972e+01
1.372322448979591947e+01
1.284957142857142820e+01
1.332075510204081681e+01
1.220169387755102086e+01
1.169124489795918365e+01
1.091575510204081567e+01
1.072924489795918390e+01
1.073906122448979517e+01
1.160289795918367339e+01
1.423367346938775491e+01
1.367414285714285604e+01
1.327167346938775516e+01
1.391955102040816250e+01
1.293791836734693845e+01
1.233912244897959276e+01
1.224095918367346947e+01
1.284957142857142820e+01
1.180904081632652947e+01
1.190720408163265454e+01
1.214279591836734618e+01
1.178940816326530516e+01
1.211334693877551061e+01
1.202500000000000036e+01
1.329130612244897947e+01
1.288883673469387858e+01
1.343855102040816263e+01
1.394900000000000162e+01
1.444963265306122580e+01
1.481283673469387807e+01
1.370359183673469516e+01
1.282993877551020390e+01
1.267287755102040769e+01
1.190720408163265454e+01
1.248636734693877592e+01
1.323240816326530656e+01
1.237838775510203959e+01
1.160289795918367339e+01
1.154400000000000048e+01
1.223114285714285820e+01
1.205444897959183592e+01
1.198573469387755175e+01
1.253544897959183579e+01
1.235875510204081706e+01
1.176977551020408264e+01
1.224095918367346947e+01
1.144583673469387719e+01
1.260416326530612174e+01
1.402753061224489706e+01
1.575520408163265351e+01
1.582391836734693946e+01
1.573557142857142921e+01
2.264626530612244792e+01
2.123271428571428387e+01
2.156646938775510236e+01
1.990751020408163541e+01
1.674665306122448882e+01
1.768902040816326604e+01
1.888661224489795742e+01
1.902404081632652932e+01
2.177261224489796021e+01
2.120326530612245008e+01
2.432485714285714451e+01
2.405981632653061553e+01
2.403036734693877463e+01
2.350028571428571667e+01
2.230269387755101818e+01
2.057502040816326527e+01
1.817983673469387540e+01
2.020199999999999818e+01
1.947559183673469363e+01
1.769883673469387730e+01
1.588281632653061237e+01
1.656014285714285705e+01
1.694297959183673541e+01
1.909275510204081527e+01
2.014310204081632705e+01
2.003512244897959249e+01
1.967191836734693666e+01
1.843506122448979667e+01
2.037869387755102224e+01
2.126216326530612122e+01
2.084006122448979781e+01
2.039832653061224477e+01
1.905348979591836667e+01
1.852340816326530870e+01
1.830744897959183604e+01
1.882771428571428629e+01
1.574538775510204047e+01
1.653069387755101971e+01
2.309781632653061223e+01
2.200820408163265540e+01
2.351010204081632438e+01
2.253828571428571692e+01
2.150757142857142767e+01
2.061428571428571388e+01
2.117381632653061274e+01
2.194930612244898072e+01
2.422669387755102122e+01
2.468806122448979323e+01
2.561079591836734792e+01
2.772130612244897918e+01
2.875202040816326488e+01
3.484795918367346701e+01
3.062693877551020449e+01
2.941953061224489829e+01
2.708324489795918311e+01
2.703416326530612324e+01
2.520832653061224349e+01
2.391257142857142881e+01
2.165481632653061084e+01
2.057502040816326527e+01
2.006457142857142983e+01
2.059465306122449135e+01
1.931853061224489920e+01
1.947559183673469363e+01
1.818965306122449022e+01
1.774791836734693717e+01
1.915165306122448996e+01
1.747306122448979693e+01
1.818965306122449022e+01
2.046704081632653072e+01
1.932834693877551047e+01
1.809148979591836692e+01
1.821910204081632401e+01
1.909275510204081527e+01
1.879826530612244895e+01
1.707059183673469605e+01
1.632455102040816186e+01
1.641289795918367389e+01
1.549997959183673402e+01
1.515640816326530604e+01
1.537236734693877516e+01
1.650124489795918237e+01
1.587300000000000111e+01
1.495026530612244997e+01
1.517604081632653212e+01
1.532328571428571351e+01
1.651106122448979718e+01
1.536255102040816389e+01
1.464595918367346883e+01
1.374285714285714377e+01
1.419440816326530630e+01
1.365451020408163352e+01
1.488155102040816402e+01
1.524475510204081630e+01
1.489136734693877528e+01
1.430238775510204086e+01
1.351708163265306162e+01
1.425330612244897921e+01
1.463614285714285757e+01
1.603006122448979553e+01
1.706077551020408123e+01
1.598097959183673566e+01
1.371340816326530643e+01
1.374285714285714377e+01
1.310479591836734592e+01
1.296736734693877580e+01
1.288883673469387858e+01
1.265324489795918339e+01
1.329130612244897947e+01
1.385083673469387655e+01
1.351708163265306162e+01
1.743379591836734832e+01
1.592208163265306098e+01
1.425330612244897921e+01
1.509751020408163313e+01
1.392936734693877554e+01
1.364469387755102048e+01
1.336983673469387668e+01
1.282012244897959263e+01
1.358579591836734757e+01
1.321277551020408225e+01
1.330112244897959251e+01
1.321277551020408225e+01
1.383120408163265225e+01
1.312442857142857022e+01
1.272195918367347112e+01
1.223114285714285820e+01
1.203481632653061162e+01
1.189738775510203972e+01
1.256489795918367491e+01
1.296736734693877580e+01
1.242746938775510301e+01
1.229985714285714238e+01
1.304589795918367301e+01
1.319314285714285617e+01
1.280048979591836655e+01
1.286920408163265250e+01
1.262379591836734605e+01
1.408642857142857174e+01
1.385083673469387655e+01
1.265324489795918339e+01
1.560795918367347035e+01
1.860193877551020236e+01
2.100693877551020350e+01
1.844487755102040794e+01
1.827800000000000225e+01
1.904367346938775540e+01
1.724728571428571300e+01
1.638344897959183655e+01
1.559814285714285731e+01
1.558832653061224605e+01
1.556869387755101997e+01
1.478338775510204073e+01
1.563740816326530592e+01
1.603987755102040680e+01
1.624602040816326465e+01
1.820928571428571630e+01
1.714912244897958971e+01
1.870010204081632565e+01
1.905348979591836667e+01
1.839579591836734451e+01
1.674665306122448882e+01
1.595153061224489832e+01
1.536255102040816389e+01
1.600061224489795819e+01
1.554906122448979566e+01
1.596134693877551136e+01
1.586318367346938807e+01
1.570612244897959187e+01
1.536255102040816389e+01
1.461651020408163326e+01
1.477357142857142946e+01
1.378212244897959060e+01
1.446926530612245010e+01
1.517604081632653212e+01
1.514659183673469300e+01
1.580428571428571516e+01
1.537236734693877516e+01
1.541163265306122376e+01
1.359561224489795883e+01
1.389991836734693820e+01
1.293791836734693845e+01
1.276122448979591795e+01
1.347781632653061301e+01
1.420422448979591934e+01
1.411587755102040909e+01
1.277104081632653099e+01
1.252563265306122453e+01
1.234893877551020402e+01
1.237838775510203959e+01
1.238820408163265263e+01
1.418459183673469326e+01
1.306553061224489909e+01
1.428275510204081655e+01
1.317351020408163187e+01
1.256489795918367491e+01
1.201518367346938732e+01
1.234893877551020402e+01
1.192683673469387706e+01
1.263361224489795909e+01
1.357597959183673453e+01
1.512695918367346870e+01
1.736508163265306237e+01
1.959338775510204300e+01
2.188059183673469477e+01
2.031979591836734755e+01
1.900440816326530680e+01
1.780681632653061186e+01
1.754177551020408288e+01
2.088914285714285768e+01
1.748287755102040819e+01
2.118363265306122400e+01
2.010383673469387844e+01
1.760067346938775401e+01
1.647179591836734858e+01
1.669757142857142895e+01
1.582391836734693946e+01
1.585336734693877503e+01
1.996640816326530654e+01
1.980934693877550856e+01
2.017255102040816439e+01
1.867065306122448831e+01
1.761048979591836883e+01
2.057502040816326527e+01
1.789516326530612389e+01
1.660922448979592048e+01
1.562759183673469465e+01
1.497971428571428554e+01
1.524475510204081630e+01
1.504842857142857149e+01
1.442018367346938668e+01
1.389991836734693820e+01
1.461651020408163326e+01
1.464595918367346883e+01
1.434165306122448946e+01
1.439073469387755111e+01
1.368395918367346908e+01
1.506806122448979579e+01
1.449871428571428567e+01
1.673683673469387756e+01
1.593189795918367402e+01
1.548034693877550971e+01
1.691353061224489807e+01
1.572575510204081617e+01
1.840561224489795933e+01
1.974063265306122261e+01
1.906330612244898148e+01
1.793442857142857250e+01
1.728655102040816161e+01
1.957375510204081692e+01
1.892587755102040958e+01
1.703132653061224744e+01
1.537236734693877516e+01
1.368395918367346908e+01
1.368395918367346908e+01
1.353671428571428415e+01
1.393918367346938680e+01
1.397844897959183719e+01
1.373304081632653073e+01
1.455761224489795858e+01
1.372322448979591947e+01
1.328148979591836643e+01
1.277104081632653099e+01
1.291828571428571415e+01
1.298700000000000010e+01
1.198573469387755175e+01
1.275140816326530668e+01
1.244710204081632554e+01
1.261397959183673478e+01
1.293791836734693845e+01
1.235875510204081706e+01
1.274159183673469364e+01
1.290846938775510289e+01
1.240783673469387871e+01
1.267287755102040769e+01
1.291828571428571415e+01
1.271214285714285630e+01
1.216242857142857225e+01
1.210353061224489757e+01
1.317351020408163187e+01
1.310479591836734592e+01
1.258453061224489744e+01
1.228022448979591807e+01
1.166179591836734808e+01
1.133785714285714441e+01
1.227040816326530681e+01
1.245691836734693858e+01
1.441036734693877541e+01
1.607914285714285541e+01
1.419440816326530630e+01
1.410606122448979605e+01
1.398826530612244845e+01
1.550979591836734706e+01
1.528402040816326490e+01
1.466559183673469313e+01
1.293791836734693845e+01
1.224095918367346947e+01
1.200536734693877605e+01
1.201518367346938732e+01
1.231948979591836846e+01
1.231948979591836846e+01
1.257471428571428618e+01
1.241765306122448997e+01
1.250600000000000023e+01
1.237838775510203959e+01
1.348763265306122427e+01
1.456742857142857162e+01
1.321277551020408225e+01
1.473430612244897908e+01
1.516622448979591731e+01
1.358579591836734757e+01
1.488155102040816402e+01
1.271214285714285630e+01
1.219187755102040782e+01
1.260416326530612174e+01
1.248636734693877592e+01
1.255508163265306010e+01
1.197591836734693871e+01
1.198573469387755175e+01
1.298700000000000010e+01
1.222132653061224339e+01
1.301644897959183567e+01
1.251581632653061149e+01
1.710004081632653339e+01
1.662885714285714300e+01
1.539199999999999946e+01
1.749269387755101945e+01
1.595153061224489832e+01
1.829763265306122477e+01
1.614785714285714135e+01
1.599079591836734693e+01
1.485210204081632668e+01
1.479320408163265377e+01
1.558832653061224605e+01
1.463614285714285757e+01
1.458706122448979592e+01
1.416495918367346896e+01
1.386065306122448959e+01
1.470485714285714351e+01
1.439073469387755111e+01
1.427293877551020351e+01
1.701169387755101781e+01
2.184132653061224616e+01
2.178242857142857147e+01
2.614087755102040589e+01
2.841826530612244994e+01
4.124820408163265739e+01
3.421971428571428220e+01
3.302212244897959437e+01
3.380742857142856650e+01
3.299267346938775347e+01
4.069848979591836979e+01
4.116967346938775307e+01
4.876751020408163129e+01
5.128048979591837053e+01
6.033114285714285785e+01
7.000022448979592582e+01
5.676781632653061394e+01
8.117120408163265211e+01
6.809585714285714175e+01
7.913922448979592161e+01
6.661359183673469886e+01
7.271934693877550160e+01
5.768073469387754670e+01
6.031151020408162822e+01
6.446381632653061899e+01
6.375704081632653697e+01
6.508224489795918544e+01
5.564875510204081621e+01
5.632608163265306445e+01
5.345971428571428419e+01
5.017124489795918407e+01
4.335871428571428510e+01
4.400659183673469244e+01
4.505693877551020421e+01
4.221020408163265358e+01
4.378081632653061206e+01
3.950089795918367486e+01
3.867632653061224346e+01
4.115004081632653055e+01
3.877448979591837031e+01
3.993281632653061308e+01
4.346669387755102321e+01
4.408512244897958965e+01
4.054142857142856826e+01
4.114022448979591218e+01
3.562344897959183498e+01
3.260002040816326740e+01
3.188342857142856701e+01
3.042079591836734664e+01
3.746891836734693726e+01
3.841128571428571803e+01
3.418044897959183714e+01
3.208957142857142486e+01
3.153004081632652955e+01
2.958640816326530754e+01
2.793726530612244829e+01
2.794708163265305956e+01
3.213865306122448828e+01
3.451420408163264852e+01
3.190306122448979664e+01
3.014593877551020640e+01
2.820230612244898083e+01
2.897779591836734525e+01
2.843789795918367247e+01
3.078399999999999892e+01
2.721085714285714019e+01
2.711269387755102045e+01
2.730902040816326704e+01
2.876183673469387969e+01
2.840844897959183868e+01
2.787836734693877361e+01
2.625867346938775526e+01
2.574822448979591982e+01
2.433467346938775577e+01
2.509053061224489767e+01
2.545373469387754994e+01
2.623904081632653273e+01
2.989071428571428513e+01
3.698791836734693561e+01
4.328018367346938788e+01
3.365036734693877918e+01
3.266873469387755335e+01
3.320863265306122258e+01
3.148095918367346968e+01
3.457310204081632321e+01
3.112757142857142867e+01
3.047969387755102133e+01
3.591793877551020842e+01
3.240369387755102082e+01
3.440622448979591752e+01
3.194232653061224525e+01
3.039134693877551285e+01
2.780965306122448766e+01
2.725012244897959235e+01
2.824157142857142944e+01
2.841826530612244994e+01
